5 0.1045045045045045 0.07567567567567568 0.109009009009009 0.10270270270270271 0.12972972972972974 0.1045045045045045 0.14234234234234233 0.0900900900900901 0.12882882882882882 0.07117117117117117
5 0.0873873873873874 0.05225225225225225 0.0972972972972973 0.06576576576576576 0.118018018018018 0.06396396396396396 0.13063063063063063 0.04054054054054054 0.11711711711711711 0.01981981981981982 0.09549549549549549 0.017117117117117116 0.0891891891891892 0.027027027027027025 0.08558558558558559 0.03963963963963964
3 0.13243243243243244 0.036036036036036036 0.15225225225225225 0.022522522522522525 0.16936936936936933 0.028828828828828826 0.17207207207207204 0.043243243243243246 0.16486486486486487 0.05765765765765765 0.15315315315315314 0.06846846846846846 0.13963963963963963 0.06666666666666667 0.13063063063063063 0.05765765765765765 0.12972972972972974 0.04684684684684685
3 0.13963963963963963 0.14594594594594595 0.13423423423423422 0.16936936936936933 0.14054054054054055 0.1927927927927928 0.15585585585585585 0.2 0.17567567567567569 0.1954954954954955 0.17387387387387387 0.1783783783783784 0.17927927927927928 0.16216216216216217 0.17657657657657658 0.14234234234234233 0.15585585585585585 0.13873873873873874
3 0.22072072072072071 0.14504504504504503 0.23563026944707835 0.15249143925395509 0.2396476647990823 0.15972275088756205 0.24312940743748565 0.1699001524459719 0.2525033299254947 0.18074711989638234 0.2567885516342988 0.1942723509147954 0.24771066008733877 0.20463749656170913 0.23455896401987736 0.205253231543606 0.21554329268705902 0.20029844394280122 0.2085798074102523 0.1870410392811884 0.20442849887984826 0.17123928422997317 0.20362501980944753 0.15758014003315998 0.21085633144305446 0.1490096966155517
3 0.2276822276822276 0.1261261261261261 0.2505588105588104 0.12712404712404704 0.27108927108927106 0.1318591318591318 0.2792792792792792 0.14578214578214574 0.2800982800982801 0.16134316134316126 0.2612612612612612 0.1654381654381654 0.2506142506142506 0.15479115479115474 0.23587223587223582 0.14905814905814901 0.20802620802620797 0.14250614250614246 0.21212121212121204 0.12776412776412774
3 0.2395838321607574 0.06842620508783172 0.23055308844438996 0.08023563917846602 0.23055308844438996 0.09273974586266702 0.23576313289614043 0.10246516217260115 0.24757256698677474 0.10836987921791831 0.2611186825613258 0.10628586143721815 0.2694547536841265 0.0948237636433672 0.2691074173873431 0.07815162139776584 0.26181335515489257 0.06842620508783172 0.25208793884495845 0.06564751471356482 0.24618322179964128 0.06564751471356482
2 0.19426699426699423 0.222031122031122 0.19952560632264757 0.22812844229791357 0.2106470106470106 0.23104013104013102 0.2319410319410319 0.22940212940212937 0.2480644042262777 0.22582580879857556 0.23577669429031084 0.2152224713843448 0.22008735668191 0.2163417895308962 0.20284736390106745 0.21629811629811624
5 0.03243243243243243 0.30450450450450456 0.06936936936936935 0.30630630630630634 0.08378378378378377 0.29459459459459464 0.08378378378378377 0.2684684684684685 0.06666666666666665 0.2612612612612613 0.04774774774774773 0.2693693693693694 0.03153153153153152 0.2900900900900901
5 0.10360360360360357 0.3405405405405406 0.11801801801801799 0.3261261261261261 0.1423423423423423 0.3234234234234235 0.15765765765765763 0.33333333333333337 0.15765765765765763 0.3621621621621622 0.14414414414414412 0.372972972972973 0.1216216216216216 0.37657657657657656 0.10540540540540538 0.36396396396396397 0.10360360360360357 0.35135135135135137
3 0.1774774774774774 0.26486486486486494 0.21351351351351347 0.2567567567567568 0.22072072072072063 0.245945945945946 0.2387387387387387 0.245945945945946 0.2459459459459459 0.2576576576576577 0.2729729729729729 0.28648648648648656 0.2792792792792792 0.30450450450450456 0.2432432432432432 0.33333333333333337 0.22792792792792788 0.33693693693693694 0.21441441441441436 0.318918918918919 0.19189189189189185 0.318918918918919 0.1774774774774774 0.29909909909909915 0.1747747747747747 0.28108108108108115
5 0.28018018018018015 0.32252252252252256 0.289825119236884 0.33317435082140967 0.3072072072072072 0.3387387387387388 0.3252252252252251 0.33333333333333337 0.3405405405405405 0.32252252252252256 0.33063063063063053 0.30630630630630634 0.3135135135135135 0.29729729729729737 0.29099099099099096 0.3027027027027028
2 0.22792792792792788 0.38198198198198197 0.2657657657657657 0.3747747747747748 0.2675675675675675 0.354954954954955 0.2495495495495495 0.34234234234234234 0.22702702702702698 0.35405405405405405 0.21531531531531523 0.36486486486486486
5 0.040540540540540536 0.4 0.05315315315315314 0.4126126126126126 0.07117117117117115 0.4036036036036036 0.08108108108108107 0.3801801801801802 0.06396396396396395 0.36486486486486486 0.03783783783783783 0.36936936936936937 0.029729729729729724 0.37927927927927935 0.033333333333333326 0.3927927927927928
3 0.6027027027027027 0.8333333333333335 0.6693693693693694 0.8288288288288288 0.6783783783783783 0.8468468468468469 0.7027027027027027 0.863063063063063 0.718018018018018 0.8612612612612612 0.7315315315315316 0.8684684684684685 0.7432432432432432 0.8468468468468469 0.7342342342342343 0.8135135135135135 0.7162162162162162 0.772972972972973 0.6837837837837839 0.7549549549549549 0.6513513513513512 0.745945945945946 0.6207207207207207 0.7675675675675676 0.6063063063063063 0.7837837837837838 0.6036036036036037 0.8009009009009008 0.5990990990990991 0.8171171171171171
3 0.5954954954954955 0.8081081081081081 0.5720720720720721 0.8252252252252252 0.5576576576576576 0.8486486486486488 0.5378378378378378 0.8513513513513513 0.5414414414414415 0.8666666666666667 0.5531531531531532 0.881981981981982 0.5864864864864865 0.8828828828828829 0.6063063063063063 0.9027027027027027 0.6342342342342342 0.8990990990990991 0.6585585585585586 0.9117117117117117 0.6729729729729729 0.8990990990990991 0.6576576576576578 0.8855855855855856 0.6675675675675676 0.8612612612612612 0.6684684684684684 0.8306306306306306 0.6002079186338692 0.8372945665686956
3 0.7369369369369368 0.8738738738738739 0.7027027027027027 0.8900900900900902 0.6936936936936937 0.9189189189189189 0.6954954954954955 0.9549549549549551 0.7135135135135136 0.9756756756756757 0.7315315315315314 0.9873873873873875 0.7675675675675676 0.9900900900900901 0.8036036036036036 0.991891891891892 0.8198198198198198 0.9765765765765767 0.8324324324324324 0.9477477477477477 0.8288288288288288 0.9090090090090089 0.8036036036036036 0.8918918918918919 0.7810810810810811 0.8792792792792794 0.7585585585585585 0.8765765765765765
3 0.8288288288288288 0.754054054054054 0.8261261261261261 0.781981981981982 0.8306306306306306 0.8054054054054053 0.8387387387387387 0.8243243243243243 0.8711711711711712 0.8270270270270271 0.9036036036036036 0.8216216216216217 0.9261261261261261 0.8297297297297297 0.9252252252252252 0.8054054054054053 0.9288288288288288 0.781981981981982 0.9261261261261261 0.7558558558558559 0.909009009009009 0.7387387387387387 0.8828828828828829 0.7288288288288288 0.863963963963964 0.7306306306306305 0.8441441441441442 0.7369369369369368 0.8315315315315316 0.7441441441441441
3 0.7297297297297297 0.6801801801801801 0.7549549549549549 0.6909909909909909 0.7567567567567568 0.7054054054054053 0.7549549549549549 0.7252252252252253 0.7558558558558558 0.7423423423423423 0.7711711711711712 0.7369369369369368 0.7891891891891892 0.7360360360360361 0.8 0.7432432432432432 0.8126126126126126 0.7558558558558558 0.8198198198198198 0.7630630630630632 0.8657657657657657 0.7270270270270269 0.863063063063063 0.6963963963963964 0.8450450450450451 0.6783783783783783 0.8306306306306306 0.6675675675675676 0.8234234234234235 0.6495495495495495 0.8027027027027027 0.645945945945946 0.7603603603603604 0.6549549549549549 0.7360360360360361 0.6648648648648648
3 0.8963963963963963 0.6189189189189189 0.8846846846846845 0.6396396396396397 0.8837837837837837 0.6675675675675676 0.8864864864864866 0.681981981981982 0.8963963963963963 0.6954954954954955 0.9225225225225224 0.70990990990991 0.9522522522522523 0.7144144144144144 0.9801801801801802 0.6972972972972973 0.990990990990991 0.6666666666666667 0.9864864864864864 0.6261261261261261 0.9630630630630631 0.6054054054054053 0.9351351351351351 0.6018018018018018 0.9144144144144144 0.6099099099099099
3 0.8441441441441441 0.5261261261261262 0.8153153153153154 0.5468468468468468 0.7981981981981983 0.5504504504504505 0.7972972972972974 0.5666666666666668 0.8117117117117119 0.5738738738738739 0.8153153153153154 0.5918918918918918 0.818918918918919 0.6144144144144144 0.8432432432432432 0.627027027027027 0.8720720720720724 0.6297297297297298 0.8927927927927931 0.6225225225225225 0.899879663056559 0.6071941978079166 0.9036036036036037 0.581081081081081 0.9036036036036037 0.5540540540540541 0.8927927927927929 0.5198198198198198 0.8675675675675677 0.509009009009009
3 0.4378378378378379 0.8594594594594596 0.42792792792792794 0.8846846846846848 0.4297297297297298 0.917117117117117 0.44234234234234227 0.9414414414414415 0.4765765765765766 0.9513513513513514 0.5036036036036036 0.9495495495495496 0.4981981981981982 0.9072072072072072 0.4945945945945946 0.872072072072072 0.4747747747747748 0.8504504504504504 0.44774774774774767 0.8522522522522522
3 0.5144144144144144 0.9297297297297298 0.5513513513513514 0.918018018018018 0.5927927927927928 0.9144144144144144 0.6108108108108108 0.9306306306306307 0.6162162162162163 0.9549549549549551 0.5972972972972973 0.9693693693693693 0.5855855855855856 0.9846846846846847 0.5846846846846847 1.0 0.4990990990990991 0.9963963963963964 0.4927927927927928 0.9567567567567568
3 0.35585585585585583 0.8522522522522522 0.3522522522522522 0.881981981981982 0.3603603603603604 0.9081081081081082 0.37927927927927935 0.9324324324324325 0.4045045045045045 0.927927927927928 0.4243243243243244 0.9225225225225224 0.43423423423423424 0.854054054054054 0.41261261261261256 0.8405405405405405 0.3783783783783784 0.8378378378378379
3 0.25045045045045045 0.8684684684684685 0.25225225225225223 0.8945945945945946 0.2702702702702703 0.9099099099099099 0.2810810810810811 0.9252252252252252 0.3 0.9387387387387388 0.34684684684684686 0.9351351351351351 0.35585585585585583 0.9135135135135135 0.34414414414414407 0.8522522522522522
3 0.2756756756756757 0.9234234234234235 0.2531531531531532 0.9351351351351351 0.2306306306306306 0.945045045045045 0.22252252252252253 0.965765765765766 0.2477477477477478 0.9972972972972972 0.3270270270270272 0.9990990990990991 0.34594594594594597 0.9531531531531532 0.322423050402975 0.932667548351363
5 0.17207207207207204 0.9099099099099099 0.13963963963963963 0.9423423423423424 0.15315315315315314 0.9765765765765767 0.1918918918918919 0.9792792792792793 0.21171171171171171 0.9459459459459459 0.1945945945945946 0.917117117117117
3 0.49369369369369376 0.7153153153153152 0.5198198198198198 0.6864864864864865 0.5684684684684684 0.6810810810810811 0.5846846846846847 0.7045045045045044 0.5882882882882883 0.726126126126126 0.5882882882882883 0.7549549549549549 0.5243243243243243 0.7657657657657657 0.4927927927927928 0.7405405405405405
5 0.6063063063063063 0.6882882882882881 0.6243243243243243 0.6684684684684684 0.6567567567567568 0.6774774774774773 0.6594594594594595 0.7054054054054055 0.636936936936937 0.7198198198198198 0.6171171171171171 0.7162162162162162 0.6036036036036037 0.7054054054054055
3 0.6828828828828829 0.6693693693693696 0.70990990990991 0.6657657657657658 0.7288288288288289 0.6495495495495497 0.7234234234234235 0.6189189189189189 0.7090090090090091 0.6063063063063063 0.6846846846846846 0.6117117117117118 0.6567567567567566 0.6036036036036037 0.6396396396396397 0.6144144144144145 0.636936936936937 0.6297297297297297 0.6396396396396398 0.6495495495495497 0.6603603603603604 0.663963963963964
5 0.6675675675675676 0.572972972972973 0.6954954954954955 0.5603603603603604 0.7144144144144144 0.5792792792792792 0.7117117117117118 0.6054054054054054 0.6837837837837839 0.6153153153153154 0.6690804011558723 0.6003399626041137
2 0.06846846846846846 0.7117117117117117 0.06486486486486487 0.7351351351351352 0.07927927927927927 0.7441441441441441 0.1018018018018018 0.7378378378378379 0.11081081081081083 0.7162162162162162 0.09099099099099099 0.7027027027027027
2 0.12522522522522522 0.7918918918918919 0.13963963963963963 0.8081081081081081 0.15945945945945947 0.8045045045045046 0.16936936936936933 0.7873873873873874 0.14864864864864866 0.7774774774774775 0.13243243243243244 0.7774774774774775
2 0.1603603603603604 0.6945945945945947 0.15045045045045044 0.7279279279279279 0.17927927927927928 0.7405405405405406 0.20270270270270271 0.7216216216216216 0.2009009009009009 0.6972972972972974 0.17927927927927928 0.69009009009009
5 0.23693693693693693 0.7720720720720721 0.22252252252252253 0.8018018018018018 0.23693693693693693 0.8234234234234235 0.26216216216216215 0.8144144144144144 0.2801801801801802 0.7927927927927928 0.2747747747747748 0.7765765765765765 0.25495495495495496 0.7675675675675676
3 0.2693693693693694 0.6648648648648648 0.2531531531531532 0.7045045045045044 0.27207207207207207 0.7198198198198198 0.2981981981981982 0.7135135135135136 0.31801801801801804 0.6765765765765765 0.3045045045045045 0.6504504504504505
5 0.34414414414414407 0.6477477477477478 0.33603603603603605 0.6837837837837839 0.354954954954955 0.6972972972972973 0.37747747747747745 0.6936936936936937 0.38828828828828826 0.6648648648648648 0.3783783783783784 0.6396396396396397
3 0.45135135135135135 0.6009009009009009 0.43873873873873875 0.6288288288288288 0.4379214147064001 0.645555202710619 0.44647671028618874 0.6595139636386932 0.46756756756756757 0.6549549549549549 0.4928472677043289 0.6714924917696685 0.5099099099099099 0.646846846846847 0.5288288288288289 0.6252252252252253 0.5225225225225225 0.5990990990990991 0.49369369369369376 0.590990990990991 0.4719659192040235 0.6022264262818615
5 0.38828828828828826 0.5774774774774775 0.3918918918918919 0.5981981981981982 0.40810810810810805 0.6045045045045045 0.42342342342342343 0.6045045045045045 0.4315315315315315 0.5864864864864865 0.45045045045045046 0.5711711711711712 0.46846846846846846 0.5585585585585585 0.4306306306306306 0.5495495495495496 0.40540540540540543 0.536036036036036 0.3963963963963964 0.5495495495495496 0.3918918918918919 0.5693693693693693
5 0.34774774774774786 0.554954954954955 0.36216216216216224 0.5747747747747748 0.3837837837837839 0.5846846846846847 0.4036036036036037 0.5378378378378378 0.38288288288288297 0.5333333333333333 0.3577343041894021 0.5311361327566592
3 0.7360360360360361 0.32972972972972975 0.7216216216216216 0.35945945945945945 0.7360360360360361 0.37657657657657656 0.7495495495495496 0.3891891891891892 0.773873873873874 0.3801801801801802 0.7765765765765765 0.34594594594594597 0.7576576576576577 0.3288288288288289
3 0.8189189189189189 0.3567567567567568 0.8063063063063063 0.37657657657657656 0.8189189189189189 0.39729729729729724 0.8306306306306306 0.41891891891891897 0.8495495495495495 0.4243243243243244 0.8693693693693693 0.4216216216216216 0.8828828828828829 0.3963963963963964 0.8711711711711712 0.37027027027027026 0.8495495495495495 0.35945945945945945 0.8351351351351352 0.35315315315315315
5 0.7693693693693695 0.24864864864864866 0.7792792792792792 0.2774774774774775 0.8081081081081081 0.26846846846846845 0.80990990990991 0.24234234234234234 0.7882882882882883 0.2333333333333333
5 0.7918918918918919 0.2018018018018018 0.7855855855855856 0.21981981981981982 0.7983783783783784 0.24090090090090086 0.8234234234234235 0.23243243243243245 0.8261261261261261 0.2108108108108108 0.8063063063063063 0.1981981981981982
5 0.7351351351351352 0.23423423423423426 0.7495495495495496 0.24234234234234237 0.7684684684684686 0.23153153153153155 0.7630630630630632 0.2063063063063063 0.7360360360360361 0.2009009009009009 0.7293404353258368 0.21620569474584073
5 0.854054054054054 0.1981981981981982 0.8756756756756758 0.2162162162162162 0.8936936936936937 0.2072072072072072 0.8891891891891892 0.18198198198198198 0.863063063063063 0.18198198198198198
2 0.854954954954955 0.109009009009009 0.8729729729729729 0.13333333333333333 0.9036036036036036 0.12882882882882882 0.9009009009009009 0.09549549549549549 0.8783783783783784 0.08828828828828829
5 0.7513513513513513 0.055855855855855854 0.7558558558558559 0.07837837837837838 0.7756756756756756 0.08108108108108109 0.7828828828828829 0.055855855855855854 0.7666666666666667 0.047747747747747746
5 0.7945945945945945 0.028828828828828826 0.8171171171171171 0.04684684684684685 0.8441441441441442 0.036036036036036036 0.8369369369369369 0.00990990990990991 0.809009009009009 0.0072072072072072065
5 0.4747747747747748 0.5468468468468467 0.4747747747747748 0.5720720720720721 0.4945945945945946 0.5801801801801801 0.5022852120413096 0.5740276862228081 0.5081081081081081 0.5693693693693693 0.509009009009009 0.5423423423423424 0.4891891891891892 0.5351351351351351
5 0.5045045045045045 0.581081081081081 0.5306306306306307 0.582882882882883 0.5396396396396396 0.554954954954955 0.5234234234234234 0.5306306306306307 0.5126126126126126 0.5351351351351351 0.5018259870608863 0.5587218090573796
5 0.618018018018018 0.5486486486486486 0.609009009009009 0.5783783783783784 0.6099099099099099 0.5963963963963964 0.6288288288288288 0.5981981981981982 0.6432432432432432 0.5774774774774775 0.6423423423423423 0.5513513513513514 0.6315315315315315 0.5459459459459459
5 0.5774774774774775 0.5837837837837838 0.5783783783783784 0.609009009009009 0.5927927927927928 0.618018018018018 0.6153153153153154 0.6171171171171171 0.6189189189189189 0.6036036036036037 0.6027027027027027 0.581981981981982
5 0.5765765765765766 0.5450450450450451 0.5702702702702702 0.5648648648648649 0.5738738738738739 0.5873873873873874 0.6090090090090091 0.5846846846846847 0.6081081081081081 0.5594594594594595 0.5954954954954954 0.5477477477477478
5 0.5333333333333333 0.5900900900900901 0.5468468468468468 0.6 0.5594594594594594 0.5927927927927928 0.5684684684684684 0.590990990990991 0.5702702702702702 0.5441441441441441 0.5468468468468468 0.5441441441441441 0.536036036036036 0.5432432432432432 0.5290217604261098 0.5702294258873691
3 0.4270270270270271 0.7810810810810811 0.45495495495495497 0.773873873873874 0.47747747747747754 0.7756756756756756 0.48288288288288295 0.7936936936936938 0.48468468468468473 0.8171171171171171 0.47207207207207214 0.8315315315315316 0.45045045045045046 0.8333333333333333 0.4378378378378379 0.8297297297297298 0.43873873873873875 0.8171171171171171 0.4324324324324325 0.8027027027027027 0.42792792792792794 0.7972972972972973
5 0.3918918918918919 0.7711711711711712 0.4045045045045045 0.7855855855855856 0.4207207207207207 0.790990990990991 0.44504504504504505 0.7693693693693695 0.4324324324324324 0.7441441441441441 0.409009009009009 0.7351351351351352 0.3927927927927928 0.7405405405405405 0.38738738738738737 0.754054054054054
3 0.33603603603603605 0.8072072072072072 0.3828828828828829 0.8126126126126126 0.4 0.7954954954954954 0.3855855855855856 0.7576576576576577 0.35135135135135137 0.7594594594594595 0.3342342342342342 0.772972972972973 0.3288288288288288 0.7918918918918919 0.32792792792792796 0.8027027027027027
5 0.4126126126126126 0.8027027027027026 0.4054054054054055 0.8270270270270271 0.41891891891891897 0.8423423423423422 0.44054054054054054 0.8423423423423422 0.442725661275864 0.819700565040502 0.4288288288288287 0.7972972972972974
3 0.8684684684684685 0.8738738738738738 0.8954954954954953 0.8450450450450451 0.9297297297297298 0.8756756756756758 0.9108108108108108 0.9027027027027027 0.8900900900900901 0.9324324324324325 0.8675675675675676 0.9234234234234235 0.8657657657657658 0.8972972972972975
3 0.8387387387387387 0.927027027027027 0.8693693693693693 0.9297297297297298 0.8891891891891892 0.9468468468468468 0.8981981981981982 0.9666666666666667 0.8891891891891893 0.9981981981981982 0.853210226928791 1.0 0.8063063063063063 1.0 0.8176255220503009 0.956407190035509
3 0.8963963963963963 0.9459459459459459 0.9297297297297298 0.9459459459459459 0.9540540540540541 0.9567567567567568 0.9612612612612612 0.9333333333333332 1.0 0.9207207207207208 1.0 1.0 0.9657657657657659 1.0 0.8936936936936938 1.0
5 0.7414414414414415 0.5594594594594594 0.7315315315315316 0.5756756756756757 0.7315315315315316 0.5954954954954956 0.7567567567567568 0.6045045045045044 0.7774774774774775 0.5936936936936936 0.7792792792792794 0.5684684684684685 0.7648648648648649 0.5567567567567567 0.7522522522522523 0.5540540540540541
5 0.918918918918919 0.5144144144144145 0.9153153153153153 0.5360360360360361 0.918918918918919 0.5567567567567568 0.9486486486486487 0.5594594594594595 0.963963963963964 0.5504504504504504 0.964864864864865 0.5288288288288289 0.9531531531531532 0.509009009009009 0.9369369369369369 0.5054054054054054 0.9261261261261261 0.5045045045045046
5 0.8954954954954953 0.42882882882882883 0.8891891891891892 0.45225225225225224 0.8918918918918919 0.46756756756756757 0.9135135135135135 0.472072072072072 0.936036036036036 0.4666666666666666 0.9324324324324325 0.44054054054054054 0.9162162162162162 0.4243243243243244 0.9 0.4216216216216216
5 0.8963963963963963 0.34414414414414407 0.8981981981981982 0.3801801801801802 0.9234234234234235 0.38198198198198197 0.9333333333333332 0.36666666666666664 0.9306306306306307 0.34864864864864864 0.9207207207207208 0.34144144144144145 0.9126126126126127 0.3396396396396396
5 0.8909909909909911 0.25765765765765763 0.8828828828828829 0.2756756756756757 0.8891891891891892 0.2927927927927928 0.9036036036036036 0.2990990990990991 0.9243243243243243 0.3 0.9342342342342342 0.28468468468468466 0.9324324324324325 0.26666666666666666 0.918018018018018 0.2594594594594595 0.9036036036036036 0.25225225225225223
5 0.9072072072072072 0.24324324324324326 0.9252252252252252 0.22792792792792793 0.9486486486486485 0.23963963963963963 0.9468468468468468 0.26036036036036037 0.9378378378378378 0.26666666666666666 0.9198198198198196 0.25945945945945986
5 0.6738738738738739 0.2648648648648649 0.7162162162162162 0.2756756756756757 0.718018018018018 0.23783783783783785 0.6945945945945947 0.22522522522522523 0.6774774774774773 0.23693693693693693
5 0.6720720720720721 0.3342342342342342 0.6981981981981982 0.34054054054054056 0.7144144144144144 0.31801801801801804 0.6972972972972973 0.2936936936936937 0.6738738738738739 0.2990990990990991 0.6684684684684684 0.31891891891891894
5 0.9540540540540541 0.3153153153153153 0.9675675675675676 0.3261261261261261 0.9792792792792793 0.3081081081081081 0.9603603603603603 0.2873873873873874 0.9504504504504504 0.2954954954954955
5 0.9648648648648647 0.34684684684684686 0.972072072072072 0.37657657657657656 1.0 0.38828828828828826 1.0 0.3171171171171172 0.98025058715304 0.32637640492745995
3 0.9612612612612612 0.4315315315315316 0.9756756756756758 0.4153153153153153 1.0 0.4063063063063063 1.0 0.4972972972972973 0.9837837837837837 0.4972972972972973 0.9666666666666667 0.48558558558558557 0.9567567567567568 0.4693693693693694 0.9531531531531532 0.44684684684684683
3 0.1918918918918919 0.5801801801801801 0.21171171171171171 0.563963963963964 0.24774774774774774 0.5612612612612613 0.26666666666666666 0.5711711711711712 0.25495495495495496 0.5891891891891892 0.2693693693693694 0.6198198198198198 0.25675675675675674 0.6405405405405404 0.22162162162162166 0.6360360360360361 0.1954954954954955 0.6198198198198198 0.18468468468468469 0.5990990990990991
3 0.14144144144144144 0.6648648648648648 0.14684684684684685 0.6315315315315315 0.1801801801801802 0.6288288288288288 0.2153153153153153 0.6531531531531531 0.209009009009009 0.6810810810810811 0.1891891891891892 0.6864864864864865 0.15135135135135136 0.69009009009009
5 0.02072072072072072 0.5720720720720721 0.018018018018018018 0.609009009009009 0.04594594594594595 0.6306306306306306 0.06756756756756757 0.6162162162162163 0.06576576576576576 0.581981981981982 0.043243243243243246 0.5666666666666667
5 0.07207207207207207 0.5981981981981982 0.08378378378378379 0.6117117117117117 0.11171171171171171 0.5927927927927928 0.1054054054054054 0.5675675675675675 0.08558558558558559 0.5657657657657658 0.07387387387387387 0.5747747747747748
3 0.4477477477477478 0.46846846846846846 0.45225225225225224 0.49459459459459454 0.4657657657657658 0.5063063063063062 0.49099099099099097 0.508108108108108 0.5054054054054054 0.5 0.4990990990990991 0.46756756756756757 0.4783783783783784 0.45765765765765765 0.45765765765765765 0.4585585585585585
3 0.3171171171171171 0.6216216216216216 0.3522522522522522 0.6171171171171171 0.3522522522522522 0.5765765765765766 0.3261261261261261 0.5639639639639639 0.30540540540540545 0.581081081081081 0.3036036036036036 0.6036036036036037
3 0.3567567567567568 0.5135135135135135 0.3801801801801802 0.5198198198198198 0.40270270270270264 0.5198198198198198 0.4243243243243244 0.5045045045045045 0.4198198198198198 0.48558558558558557 0.4126126126126126 0.4648648648648649 0.3810810810810811 0.45765765765765765 0.3603603603603604 0.4594594594594595 0.3504504504504504 0.46846846846846846 0.34774774774774775 0.4846846846846847 0.34684684684684686 0.49369369369369376
5 0.8396396396396396 0.3171171171171171 0.863963963963964 0.3153153153153153 0.8747747747747748 0.327027027027027 0.8765765765765766 0.34594594594594597 0.8666666666666667 0.35855855855855856 0.8495495495495495 0.35315315315315315 0.8369369369369369 0.34324324324324323 0.836036036036036 0.32972972972972975
3 0.6081081081081081 0.4693693693693694 0.6594594594594595 0.45765765765765765 0.6567567567567568 0.42792792792792794 0.6135135135135135 0.40810810810810805 0.5936936936936937 0.42342342342342343 0.5900900900900901 0.4432432432432433
3 0.6882882882882881 0.5198198198198198 0.6882882882882881 0.5504504504504504 0.7099099099099098 0.5711711711711712 0.7522522522522521 0.553153153153153 0.7414414414414413 0.5198198198198198 0.7225225225225225 0.5018018018018018 0.6981981981981982 0.5099099099099099
3 0.6765765765765765 0.4594594594594595 0.7036036036036036 0.45045045045045046 0.7252252252252253 0.4612612612612612 0.7252252252252253 0.4873873873873874 0.7216216216216216 0.5126126126126126 0.6972972972972973 0.5216216216216216 0.6801801801801802 0.5081081081081081 0.6711711711711712 0.47747747747747754
2 0.10270270270270271 0.5189189189189188 0.12612612612612614 0.49909909909909905 0.16306306306306304 0.4981981981981982 0.17387387387387385 0.5180180180180181 0.15945945945945947 0.5378378378378378 0.13513513513513511 0.5504504504504504 0.1110488116041468 0.5394205788493768
5 0.13513513513513514 0.8783783783783783 0.14954954954954955 0.8585585585585584 0.16486486486486487 0.8549549549549549 0.1837837837837838 0.8666666666666666 0.1918918918918919 0.8837837837837837 0.19369369369369369 0.8999999999999999 0.1801801801801802 0.9054054054054054 0.16036036036036033 0.9090090090090089 0.1392196866126827 0.9096771479650855 0.13063063063063063 0.8963963963963963
3 0.005405405405405406 0.8144144144144144 0.022522522522522525 0.8324324324324324 0.04594594594594595 0.8423423423423422 0.06306306306306306 0.8333333333333335 0.07117117117117117 0.8054054054054053 0.06756756756756757 0.7783783783783784 0.05225225225225225 0.7567567567567568 0.028828828828828826 0.7495495495495496 0.016216216216216217 0.7549549549549549 0.008108108108108109 0.7657657657657657 0.002702702702702703 0.7756756756756756 0.002702702702702703 0.7981981981981981
3 0.07657657657657657 0.8162162162162163 0.09279279279279279 0.8207207207207208 0.1108108108108108 0.8234234234234235 0.127027027027027 0.8180180180180181 0.12882882882882885 0.7756756756756757 0.1108108108108108 0.7603603603603604 0.08198198198198199 0.7648648648648649 0.07117117117117117 0.7720720720720721 0.06666666666666667 0.7774774774774775
5 0.023423423423423424 0.4702702702702703 0.013513513513513513 0.4864864864864865 0.011711711711711712 0.5 0.024324324324324326 0.5072072072072072 0.04234234234234233 0.5099099099099099 0.055855855855855854 0.49369369369369376 0.05315315315315315 0.47927927927927927 0.03783783783783784 0.472072072072072
5 0.1018018018018018 0.43423423423423424 0.0891891891891892 0.44774774774774767 0.08198198198198198 0.46306306306306305 0.08198198198198198 0.4747747747747748 0.0873873873873874 0.4846846846846847 0.0972972972972973 0.4900900900900901 0.109009009009009 0.4918918918918919 0.11981981981981982 0.49099099099099097 0.12792792792792793 0.4864864864864865 0.13603603603603603 0.4756756756756757 0.13963963963963963 0.4612612612612612 0.13783783783783785 0.44504504504504505 0.12882882882882882 0.43333333333333335 0.118018018018018 0.42882882882882883 0.109009009009009 0.4297297297297298
3 0.5630630630630631 0.33693693693693694 0.5756756756756757 0.3495495495495496 0.5972972972972973 0.3567567567567568 0.6144144144144145 0.35405405405405405 0.627927927927928 0.34414414414414407 0.6315315315315315 0.32432432432432434 0.6135135135135135 0.31351351351351353 0.5900900900900901 0.3054054054054054 0.572972972972973 0.3045045045045045 0.5594594594594594 0.3162162162162162 0.5558558558558558 0.3261261261261261
3 0.4774774774774776 0.4207207207207207 0.4927927927927929 0.3927927927927928 0.49369369369369376 0.35585585585585583 0.4798621544180285 0.35027853067967707 0.45675675675675675 0.34864864864864864 0.44144144144144143 0.3603603603603604 0.4369369369369369 0.38198198198198197 0.44144144144144143 0.4144144144144144 0.45135135135135135 0.4216216216216216 0.463963963963964 0.4252252252252252
3 0.2306306306306306 0.4126126126126126 0.22792792792792793 0.43423423423423424 0.23513513513513515 0.44684684684684683 0.25045045045045045 0.4531531531531531 0.26666666666666666 0.44954954954954957 0.2747747747747748 0.43423423423423424 0.2756756756756757 0.4162162162162162 0.26846846846846845 0.40540540540540543 0.25225225225225223 0.4 0.24144144144144147 0.3990990990990991
5 0.7657657657657657 0.4216216216216216 0.7666666666666667 0.44504504504504505 0.7792792792792792 0.44954954954954957 0.7936936936936937 0.44684684684684683 0.8009009009009008 0.4306306306306306 0.7972972972972973 0.41351351351351356 0.79009009009009 0.409009009009009 0.7774774774774775 0.41081081081081083 0.7702702702702703 0.4126126126126126
5 0.7333333333333333 0.45225225225225224 0.7450450450450451 0.4531531531531531 0.7531531531531531 0.45045045045045046 0.7594594594594595 0.436036036036036 0.7558558558558559 0.418018018018018 0.7450450450450451 0.41351351351351356 0.7324324324324324 0.4162162162162162 0.7279279279279279 0.4216216216216216 0.7252252252252253 0.4306306306306306 0.7243243243243244 0.4369369369369369 0.7279279279279279 0.44504504504504505
3 0.7360360360360361 0.3837837837837838 0.7828828828828829 0.37747747747747745 0.7882882882882883 0.41351351351351356 0.7396396396396396 0.418018018018018
5 0.5198198198198198 0.390990990990991 0.5063063063063064 0.4018018018018018 0.5018018018018018 0.4144144144144144 0.5054054054054054 0.42882882882882883 0.5126126126126126 0.43963963963963965 0.5288288288288289 0.4432432432432433 0.5486486486486486 0.43873873873873875 0.5612612612612613 0.43423423423423424 0.5675675675675675 0.427027027027027 0.5720720720720721 0.41081081081081083 0.5684684684684684 0.3927927927927928 0.5594594594594594 0.3855855855855856 0.5468468468468468 0.38198198198198197 0.5378378378378378 0.38198198198198197 0.5324324324324324 0.38198198198198197 0.527027027027027 0.38468468468468475
5 0.0963963963963964 0.8315315315315316 0.0891891891891892 0.864864864864865 0.10900900900900899 0.8873873873873876 0.13063063063063066 0.8765765765765766 0.13693693693693693 0.8414414414414414 0.12072072072072075 0.8261261261261262
5 0.02072072072072072 0.8378378378378379 0.008108108108108109 0.8522522522522522 0.014414414414414413 0.872072072072072 0.028828828828828826 0.8837837837837837 0.051351351351351354 0.8828828828828829 0.06936936936936937 0.8648648648648648 0.06666666666666667 0.8432432432432432 0.06036036036036037 0.8387387387387387
5 0.08884132796242201 0.6080146913744051 0.09016731793201042 0.625252577447858 0.10873117750624788 0.6358604972045651 0.12596904711089693 0.6325455222805941 0.1299470170196621 0.6146446576911508 0.11138313109533866 0.5934288082964544
5 0.08984908033930925 0.6419170380124044 0.0778157213652946 0.6611704123708276 0.0850357367497034 0.6836326824556551 0.10830023076613166 0.6860393542504579 0.12113581367174728 0.6651815320288326 0.10910245469773265 0.6419170380124044
5 0.7781005317197258 0.12874907355476078 0.8156954075762246 0.12268537068462047 0.8144826706171243 0.15542931677936017 0.7841642165152252 0.1578547726229192
5 0.35485535709337784 0.34461625829942544 0.35485535709337784 0.3785728931542229 0.3863865180299755 0.38221110403152264 0.4045775724164742 0.36280731268592403 0.393662939784575 0.33855257350392587
5 0.5185748465718659 0.3349143626266261 0.5112984248172664 0.36280731268592403 0.5501060075084635 0.37129647139962346 0.5525314693769029 0.3421907663065847
3 0.8097444675910112 0.45756565466839677 0.8284206167611498 0.441557526808278 0.8631048937914073 0.4522296120483571 0.8510987978963181 0.48424586776859485 0.8284206167611498 0.4909159210436444 0.8124124889010311 0.47890982514855523
3 0.13740309746602003 0.4095412710880403 0.14674117205108933 0.4629016972884364 0.18542748104637657 0.4709057612184958 0.20410363021651518 0.43622148418823836 0.18142544908134683 0.39353314322792143
3 0.2974843628124718 0.37218903902144584 0.2908143227921589 0.43755549484324824 0.34550875964756483 0.4442255481182977 0.35884886619766393 0.40287121781299073 0.3348366611527491 0.3761910643591073
3 0.18142544908134683 0.4989199849737037 0.23211785397172313 0.4989199849737037 0.23078384331671323 0.5429423365890306 0.18009143842633693 0.5429423365890306
3 0.28414428939921427 0.5095921033506243 0.3468427835573115 0.5109260808687929 0.3441747755020282 0.5602844751041594 0.2868123173366024 0.5642865070691889
2 0.40153720715798086 0.2081056621815449 0.40420522846800067 0.2441239498668123 0.4508956013933473 0.2454579605218222 0.4508956013933473 0.20143560890649537
2 0.41354330305306997 0.26413410969196083 0.4655697185984562 0.261466088381941 0.45489763335837696 0.2988183867222183 0.41354330305306997 0.29348234410217866
2 0.4042052549774739 0.29348236398428357 0.4415575268082781 0.3094904719622975 0.42421544793946386 0.3415067608193766 0.38552910580733524 0.32283059839450146
3 0.3561808581423807 0.9244693375302847 0.32283050561134546 0.9978400097116173 0.3775249822309611 1.0 0.42821743351291547 0.9244693375302847
3 0.4295514309131888 0.928471382750051 0.38286101822363244 1.0 0.468237739908476 1.0 0.4842458942780679 0.949815539975473
3 0.6229829626348882 0.48291191013253126 0.6367772674930791 0.5018738486076381 0.6710073859794545 0.49625193715421084 0.6896834688759106 0.43622147756087004 0.6616692716301753 0.4202133497007512 0.6331388983297345 0.4418657729712141
