2 0.9009009009009009 0.07747747747747748 0.8936936936936937 0.0972972972972973 0.9162162162162162 0.1081081081081081 0.9351351351351351 0.09549549549549549 0.9396396396396396 0.07117117117117117 0.9081081081081082 0.06846846846846846
2 0.9261261261261261 0.22702702702702704 0.9252252252252252 0.25225225225225223 0.936036036036036 0.2648648648648649 0.9513513513513514 0.263963963963964 0.9576576576576576 0.24144144144144147 0.9558558558558559 0.2126126126126126 0.9432432432432433 0.2045045045045045 0.9324324324324325 0.2108108108108108
5 0.8567567567567568 0.3063063063063063 0.8621621621621621 0.33333333333333326 0.881981981981982 0.32972972972972975 0.8810810810810811 0.3054054054054054
5 0.918018018018018 0.2990990990990991 0.9117117117117117 0.3207207207207208 0.9297297297297298 0.3279279279279279 0.9459459459459459 0.3153153153153153 0.9414414414414415 0.29009009009009007
5 0.9144144144144144 0.3981981981981982 0.9198198198198199 0.4198198198198198 0.945045045045045 0.4252252252252252 0.9477477477477477 0.4036036036036036 0.9342342342342342 0.3855855855855856 0.9225225225225224 0.38738738738738737 0.9135135135135135 0.3891891891891892
5 0.9774774774774775 0.418018018018018 0.972072072072072 0.43333333333333335 0.9837837837837838 0.44414414414414416 0.9963963963963964 0.436036036036036 0.9927927927927928 0.4126126126126126
5 0.727027027027027 0.48288288288288295 0.7243243243243244 0.5027027027027027 0.7405405405405405 0.5126126126126126 0.7585585585585587 0.5009009009009009 0.7549549549549549 0.4702702702702703 0.7324324324324324 0.47387387387387386
5 0.8153153153153154 0.4783783783783784 0.8072072072072072 0.4954954954954955 0.8279279279279279 0.5072072072072072 0.8504504504504505 0.5009009009009009 0.8423423423423424 0.47657657657657654 0.8279279279279279 0.4747747747747748
5 0.8693693693693693 0.5801801801801801 0.8711711711711712 0.5963963963963964 0.8855855855855856 0.6 0.8981981981981982 0.5891891891891892 0.8855855855855856 0.563963963963964
5 0.9054054054054055 0.8414414414414415 0.927927927927928 0.8621621621621622 0.9612612612612612 0.8567567567567568 0.9585585585585586 0.8261261261261262 0.9324324324324325 0.7945945945945947 0.9036036036036036 0.8027027027027027
5 0.8513513513513513 0.7225225225225225 0.8342342342342343 0.7495495495495496 0.8441441441441442 0.772972972972973 0.872072072072072 0.7639639639639639 0.8846846846846845 0.7387387387387387 0.8738738738738738 0.7153153153153152
5 0.8027027027027027 0.7225225225225225 0.8009009009009008 0.7477477477477479 0.8171171171171171 0.7621621621621621 0.8333333333333335 0.7648648648648648 0.8495495495495495 0.7144144144144144 0.8261261261261261 0.70990990990991 0.80990990990991 0.7144144144144144
5 0.9018018018018019 0.6837837837837837 0.9081081081081082 0.6990990990990992 0.9288288288288288 0.7 0.9423423423423424 0.6882882882882881 0.9315315315315316 0.6711711711711712 0.9162162162162162 0.6666666666666665 0.909009009009009 0.6684684684684684
5 0.3900900900900901 0.7801801801801802 0.39369369369369367 0.8054054054054053 0.4243243243243244 0.809009009009009 0.43333333333333335 0.7891891891891892 0.41891891891891897 0.7657657657657657 0.3981981981981982 0.7666666666666667
5 0.4927927927927928 0.8162162162162161 0.5 0.8432432432432432 0.5288288288288289 0.8396396396396396 0.536036036036036 0.818018018018018 0.5162162162162162 0.8054054054054053 0.4927927927927928 0.8063063063063063
5 0.5846846846846847 0.8144144144144144 0.5936936936936937 0.8396396396396396 0.6027027027027027 0.8441441441441442 0.6225225225225225 0.8279279279279279 0.6117117117117117 0.8027027027027027 0.5882882882882883 0.8027027027027027
5 0.536036036036036 0.7495495495495496 0.5513513513513514 0.7711711711711712 0.581081081081081 0.7675675675675676 0.581081081081081 0.7468468468468469 0.5540540540540541 0.7351351351351352 0.536036036036036 0.7405405405405405
5 0.690990990990991 0.8162162162162161 0.6954954954954955 0.8414414414414414 0.7108108108108108 0.8585585585585584 0.727027027027027 0.8585585585585584 0.7378378378378379 0.8243243243243243 0.7162162162162162 0.8072072072072072
2 0.7594594594594595 0.7477477477477479 0.7468468468468469 0.7801801801801802 0.7666666666666667 0.7963963963963964 0.7864864864864864 0.7963963963963964 0.7918918918918919 0.7693693693693695 0.7774774774774775 0.7450450450450451
3 0.34054054054054056 0.8504504504504504 0.36486486486486486 0.8522522522522522 0.3684684684684684 0.8288288288288288 0.35135135135135137 0.8171171171171171 0.34054054054054056 0.8243243243243243 0.33603603603603605 0.8342342342342343
2 0.17027027027027028 0.3675675675675676 0.1774774774774775 0.3864864864864865 0.19369369369369369 0.38738738738738737 0.1954954954954955 0.3657657657657658 0.17927927927927928 0.35855855855855856
2 0.345045045045045 0.2072072072072072 0.35585585585585583 0.21981981981981982 0.36936936936936937 0.21441441441441442 0.36126126126126124 0.1981981981981982 0.35135135135135137 0.1972972972972973
5 0.1081081081081081 0.9702702702702701 0.12702702702702703 0.9765765765765767 0.14234234234234233 0.9567567567567568 0.13063063063063063 0.9423423423423424 0.11441441441441441 0.9486486486486485 0.109009009009009 0.9594594594594593
5 0.06036036036036037 0.9117117117117117 0.07747747747747748 0.917117117117117 0.08468468468468467 0.8972972972972975 0.07477477477477477 0.8756756756756758 0.06036036036036037 0.8774774774774775 0.054954954954954956 0.8864864864864866 0.054954954954954956 0.8945945945945946
5 0.43963963963963965 0.8576576576576577 0.4585585585585585 0.8666666666666667 0.4693693693693694 0.8504504504504504 0.4540540540540541 0.8342342342342343 0.44054054054054054 0.8396396396396396 0.4369369369369369 0.8468468468468469
2 0.6920198137117249 0.6197412806682996 0.7021905151541354 0.62297741294543 0.7105119981524713 0.6104951884479264 0.6980297736549675 0.6021737054495907 0.6887836814345946 0.6049475331157024 0.6869344629905199 0.6118821022809824
2 0.7142104350406204 0.5754405431880687 0.7271549641491428 0.5731290201329754 0.7345518379254412 0.5583352725803785 0.7285418779821988 0.5444661342498189 0.7183711765397883 0.5435415250277815 0.7105119981524713 0.5527876172481546 0.708200475097378 0.5620337094685277 0.7095873889304339 0.5717421062999195
2 0.6108749912507804 0.6691688217784187 0.6242818249703213 0.6691688217784187 0.632603307968657 0.6552996834478592 0.6344525264127316 0.6414305451172996 0.6173472558050415 0.6395813266732249 0.6122619050838363 0.6469782004495234 0.6053273359185565 0.6552996834478592 0.6067142497516125 0.6622342526131391
5 0.8135254212320713 0.6629563985713729 0.8297060826177242 0.6740517092358206 0.8440375255593024 0.6624940939603542 0.845886744003377 0.64677573718572 0.8278568641736492 0.6375296449653469 0.8181484673422577 0.6430773002975707 0.8135254212320712 0.6495495648518319
2 0.9063063063063062 0.9108108108108108 0.909009009009009 0.9369369369369369 0.9342342342342342 0.9369369369369369 0.9396396396396396 0.9045045045045045
2 0.8387387387387387 0.918918918918919 0.8801801801801801 0.9117117117117117 0.881981981981982 0.8783783783783784 0.8369369369369369 0.8846846846846845
5 0.7243243243243244 0.7171171171171171 0.7522522522522521 0.7369369369369368 0.7630630630630629 0.7333333333333333 0.7639639639639639 0.7126126126126126 0.753153153153153 0.6909909909909909 0.7315315315315314 0.6954954954954955 0.7243243243243244 0.7045045045045044
3 0.37747747747747745 0.9495495495495496 0.4162162162162162 0.9468468468468468 0.4297297297297298 0.9792792792792793 0.4198198198198198 0.991891891891892 0.4 0.9954954954954954 0.37207207207207205 0.9936936936936936 0.3684684684684684 0.9549549549549549
2 0.3162162162162163 0.9513513513513514 0.3504504504504504 0.9351351351351351 0.363063063063063 0.944144144144144 0.37207207207207205 1.0 0.35405405405405405 1.0 0.3144144144144144 0.9981981981981982
5 0.7945945945945945 0.5099099099099099 0.8189189189189189 0.5117117117117117 0.8243243243243243 0.5351351351351351 0.8126126126126126 0.5504504504504505 0.7927927927927928 0.5531531531531532 0.7765765765765765 0.5396396396396397 0.7756756756756756 0.5207207207207207
5 0.4585585585585585 0.9738738738738739 0.48288288288288295 0.9738738738738739 0.4891891891891892 0.9531531531531532 0.4648648648648649 0.9405405405405406 0.4531531531531531 0.9486486486486485 0.44954954954954957 0.9585585585585585
5 0.8009009009009008 0.9693693693693693 0.8306306306306306 0.963963963963964 0.836036036036036 0.9333333333333332 0.8135135135135135 0.9162162162162162 0.7918918918918919 0.9315315315315316 0.7873873873873873 0.9459459459459459 0.7918918918918919 0.9621621621621622
5 0.8783783783783785 0.9783783783783784 0.8873873873873876 0.963963963963964 0.8792792792792793 0.9495495495495496 0.863963963963964 0.944144144144144 0.8558558558558559 0.9522522522522523 0.854954954954955 0.963963963963964 0.8576576576576577 0.9711711711711711 0.863063063063063 0.9756756756756757
5 0.8279279279279278 0.972072072072072 0.8405405405405406 0.9675675675675676 0.8513513513513514 0.9711711711711711 0.8567567567567568 0.9819819819819819 0.8513513513513513 0.9945945945945945 0.8351351351351353 0.9972972972972972 0.8243243243243243 0.9882882882882883
2 0.9801801801801802 0.7936936936936937 0.9810810810810809 0.809009009009009 0.9891891891891892 0.8189189189189189 0.9981981981981982 0.8162162162162161 0.9990990990990991 0.7891891891891892 0.9864864864864864 0.7837837837837838
5 0.5828828828828829 0.9459459459459459 0.6108108108108108 0.9819819819819819 0.6216216216216216 0.9495495495495496 0.6027027027027027 0.927927927927928 0.590990990990991 0.9315315315315316
5 0.2108108108108108 0.9369369369369369 0.24954954954954955 0.927927927927928 0.24774774774774774 0.8972972972972975 0.23153153153153153 0.8873873873873874 0.2162162162162162 0.9 0.2072072072072072 0.9144144144144144 0.2081081081081081 0.9252252252252252
4 0.0 0.4754521521653558 0.48191208785231976 0.0 0.2312662193547731 0.0 0.0025839793281653752 0.21834627849687316
5 0.8004063399869956 0.8297546009066867 0.837758684718851 0.8724429948859498 0.8804470588160094 0.8564348073795164 0.8404265999909781 0.8137465061834095
5 0.517596173908052 0.9298054464240074 0.5589504644491494 0.9391435011269718 0.5749585923092683 0.908461256061744 0.5482784256006482 0.8964551933034963
5 0.1703774125796249 0.7333865071243244 0.1707533638412676 0.7563840413906151 0.19476558876828728 0.7563840480179833 0.1945957347304118 0.733010582372155
