2 0.8113017154389505 0.06559031281533798 0.8264379414732592 0.08072653884964677 0.8466195761856709 0.09182643794147322 0.8637739656912209 0.08577194752774969 0.872855701311806 0.06559031281533798 0.8042381432896063 0.048435923309788034
2 0.8869828456104943 0.07366296670030266 0.9051463168516649 0.09485368314833495 0.924318869828456 0.08678102926337025 0.9323915237134207 0.06256306760847623 0.887991927346115 0.05953582240161447
2 0.9445025564334266 0.08576586376136143 0.9767931719732853 0.10493841673815257 0.991929398007594 0.08778402723260262 0.9959657249500765 0.06558422904894973 0.9677114363527001 0.045402594336538024 0.9445025564334266 0.05852065689960564
2 0.6821392532795155 0.13521695257315836 0.712411705348133 0.13723511604439953 0.7204843592330977 0.10292633703329965 0.681130171543895 0.09687184661957614 0.6750756811301715 0.11705348133198783
3 0.4712411705348132 0.25327951564076684 0.5297679112008071 0.2936427850655903 0.5711402623612511 0.2855701311806256 0.5893037336024216 0.25126135216952566 0.5893037336024216 0.2209889001009081 0.5610494450050453 0.1947527749747729 0.5196770938446014 0.18163471241170526 0.47729566094853676 0.19778002018163462
3 0.6437941473259333 0.32290615539858725 0.6690211907164479 0.2815338042381432 0.7285570131180624 0.2714429868819374 0.7517658930373359 0.3168516649848637 0.7376387487386478 0.3683148335015136 0.7063572149344097 0.3824419778002017 0.6609485368314832 0.37436932391523714
3 0.36024217961654886 0.23915237134207865 0.3572149344096871 0.19273461150353172 0.4228052472250252 0.17759838546922294 0.420787083753784 0.2300706357214934 0.3935418807924995 0.24722501352562953
3 0.7870837537840564 0.2855701311806256 0.8143289606458122 0.3037336024217961 0.8405650857719473 0.2996972754793138 0.8557013118062562 0.27850655903128146 0.8476286579212915 0.25327951564076684 0.8032290615539857 0.25126135216952566
5 0.8940464177598383 0.284561049445005 0.9041372351160443 0.2623612512613521 0.9364278506559028 0.2593340060544903 0.94853683148335 0.27951564076690205 0.9313824419778001 0.30776992936427844 0.9081735620585266 0.3097880928355196
3 0.7991927229100897 0.143289590856238 0.8224016106303054 0.16851663814722392 0.8496468213925327 0.16347124117053474 0.8678102926337032 0.13521695257315836 0.8486377630597396 0.1099899208840575 0.8082744663316174 0.11503533736310295
3 0.8183530932470786 0.783047426841574 0.8435801366375932 0.8183652875882944 0.904096587311991 0.8334792207809077 0.9333497956939748 0.7951300615833804 0.9293256630927083 0.7335699958446081 0.8728435069705901 0.7144298688193742 0.8329453776491175 0.7408276377491307
3 0.7285570131180624 0.836528758829465 0.7800201816347123 0.860746720484359 0.8002018163471241 0.8647830474268414 0.8254288597376387 0.8516649848637737 0.8345105953582239 0.8183652875882944 0.8072653884964681 0.7658930373360241 0.7669021190716446 0.781029263370333 0.7457114026236124 0.8102926337033298
3 0.8728557052122773 1.0 0.8980827447023207 0.9445005045408678 0.9465186680121088 0.8970736629667002 0.9838546922300706 0.9233097880928354 0.9919273461150353 0.9919273461150353
5 0.10393541876892023 0.9192734611503532 0.17356205852674061 0.9212916246215941 0.18163471241170526 0.8910191725529767 0.13218970736629662 0.8688193743693238 0.10648081834177563 0.8888522659590415
3 0.34712411705348134 0.8496468213925327 0.37033299697275474 0.8738647830474268 0.43087790110998986 0.8587285570131179 0.4339051463168516 0.8405650857719473 0.3864782618375001 0.8032290732553997
3 0.4561049445005045 0.4783047426841574 0.5287588294651867 0.5317860746720484 0.6367305751765894 0.45812310797174566 0.6145307769929365 0.37436932391523714 0.5186680121089808 0.37436932391523714 0.45421677912173936 0.4473481038440555
3 0.11503532956216052 0.4359233214895065 0.10292632533188589 0.395560036462798 0.1261352364549295 0.36528756879229557 0.1604440154660293 0.37336025388103045 0.1715439106573845 0.42280524332455405 0.14530776212842175 0.4490414035549306
2 0.0676084762865792 0.4722502522704339 0.10494450050454088 0.4722502522704339 0.0958627648839556 0.4490413723511605 0.10797174571140263 0.4409687184661958 0.10090817356205854 0.40766902119071635 0.07063572149344097 0.4197780020181635 0.06659939455095862 0.4409687184661958
5 0.013118113269194038 0.5291709707238248 0.05549956176714368 0.49284400873912715 0.04641782614655841 0.4655988018773714 0.014127210606699676 0.4635806384061303
3 0.20383451059535818 0.3007063572149344 0.20686175580221997 0.3329969727547931 0.2330978809283552 0.34813319878910187 0.26740665993945506 0.3360242179616549 0.28355196770938446 0.3057517658930373 0.2593340060544904 0.28254288597376387 0.23007063572149344 0.28355196770938446
3 0.1352169525731584 0.3057517658930373 0.16851664984863773 0.25630676084762866 0.1856710393541877 0.24924318869828455 0.20383451059535818 0.2885973763874874 0.1977800201816347 0.313824419778002 0.1513622603430878 0.3198789101917255
3 0.24419778002018164 0.20181634712411708 0.23007063572149344 0.14732593340060543 0.24823410696266396 0.1352169525731584 0.29364278506559033 0.14530776992936428 0.29364278506559033 0.19172552976791116 0.27144298688193746 0.20383451059535818
5 0.274470243790213 0.13420786693706654 0.27547932552583354 0.09889000619034607 0.24318873338880237 0.09889001009081733 0.2452068968600436 0.13420787083753785
3 0.2623612512613522 0.5388496468213925 0.3007063572149344 0.5529767911200807 0.3329969727547931 0.5388496468213925 0.3289606458123108 0.5146316851664985 0.31281533804238143 0.5005045408678103 0.2734611503531786 0.4944500504540868
3 0.2663975782038345 0.4228052472250252 0.3198789101917255 0.4591321897073663 0.3612512613521695 0.42684157416750756 0.3662966700302724 0.3905146316851665 0.33703329969727547 0.38042381432896066 0.3249243188698284 0.3864783047426841 0.29061553985872857 0.3834510595358223
3 0.21493438628435713 0.3985872777691886 0.26437941473259335 0.41170534813319876 0.2825428859737638 0.3905146316851665 0.27749747729566093 0.34510595358224017 0.26437941473259335 0.34006054490413723
3 0.450050454086781 0.05852674066599394 0.47527749747729564 0.0817356205852674 0.5045408678102926 0.094853683148335 0.5105953582240161 0.082744702320888 0.532795156407669 0.06559031281533804 0.5075681130171543 0.025227043390514636 0.47426841574167505 0.03329969727547931
3 0.3844601139681441 0.0 0.41372351940538254 0.041372366762329055 0.4409687301676095 0.04137237456327158 0.467204843592331 0.0272452068617558 0.4692230070635721 0.0020181634712411706
3 0.7103935418768921 0.7124117053481333 0.7023208879919274 0.6720484359233098 0.7124117053481333 0.6488395560040362 0.744702320887992 0.6427850655903129 0.7578203834510596 0.6781029263370333 0.7467204843592331 0.7093844601412713
5 0.9142280524722503 0.5176589303733602 0.893037336024218 0.49344096871846616 0.8940464177598386 0.47527749747729564 0.9212916246215944 0.4601412714429869 0.9455095862764884 0.4883955600403633
5 0.9626639757820383 0.4772956609485368 0.9445005045408679 0.45812310797174566 0.9404641775983855 0.42684157416750756 0.9818365287588295 0.42684157416750756 0.9949545913218971 0.4571140262361251
5 0.23511604439959638 0.615539858728557 0.272452068617558 0.6115035317860746 0.272452068617558 0.58627648839556 0.2341069353606769 0.5590312698323905 0.22199798183652877 0.5903128153380424
3 0.015136206531952457 0.6427850772917266 0.04540867810292633 0.644803229061554 0.07063572149344097 0.622603430877901 0.06357214934409687 0.5872855701311807 0.033299697275479316 0.5782038345105953 0.013118043060711288 0.5943491422805246
3 0.01412712479633188 0.8668012304004392 0.07265386546232583 0.871846639078542 0.10595356273780515 0.8567104130442332 0.08980824716693324 0.7870837771868843 0.016145292168044313 0.798183711382952
3 0.1644803229061554 0.8012108980827448 0.20988900100908175 0.8062563067608476 0.23208881089414837 0.7891019172552977 0.23007064352243595 0.7588294612862088 0.19677093844601412 0.7467204843592331 0.1584258324924319 0.763874873864783
5 0.17255297679112008 0.8698284561049445 0.18365287588294651 0.887991927346115 0.20787083753784055 0.8900100908173562 0.22906155398587283 0.8668012108980827 0.22199798183652877 0.8375378405650857 0.18768920282542886 0.8415741675075681
5 0.01917255297679112 0.7719475277497477 0.047426841574167516 0.7547931382441978 0.06962663975782038 0.7699293642785066 0.060544904137235116 0.7931382832024929 0.019172537374906064 0.7991927619148023
2 0.3662966700302724 0.3198789101917255 0.40565085771947523 0.3218970736629667 0.41271442986881934 0.30474268415741673 0.39959636730575177 0.28355196770938446 0.3733602421796165 0.28355196770938446
3 0.03430881801581253 0.14328959085623802 0.060544904137235116 0.19576185671039353 0.1170534813319879 0.20080726538849641 0.14631685166498487 0.1574167507568113 0.13824419778002017 0.10393541876892028 0.08879919273461151 0.0887991927346115 0.057517674532258416 0.12411707298368829
5 0.03834510205311098 0.32996973534887386 0.03632694248234107 0.29263370332996974 0.0756811301715439 0.289606458123108 0.08476286579212916 0.31281533804238143 0.06659937504860232 0.34006056830696474
3 0.0 0.3895479640559425 0.03976630164454189 0.38546922300706354 0.04481171032264482 0.35317860746720486 0.03270272949519779 0.31180625630676084 0.0 0.31703651880980616
3 0.25731583868277796 0.0 0.2623612512613522 0.03834510595358224 0.284561049445005 0.0676084762865792 0.31281533804238143 0.07063572149344097 0.343087790110999 0.06256306760847628 0.3451059535822401 0.01917255297679112 0.3360242257625974 0.0
3 0.47023208879919265 0.6316851664984864 0.5307769929364279 0.6215943491422805 0.5247225025227044 0.5650857719475277 0.467204843592331 0.5671039354187689 0.4547745243998319 0.6053222072303996
5 0.7194752774974773 0.47426841574167505 0.7346115035317861 0.5015136226034309 0.7638748738647831 0.4894046417759838 0.7588294651866803 0.4661957618567104 0.7406659939455096 0.45408678102926336
3 0.7436932391523715 0.4318869828456105 0.7638748738647831 0.43289606458123103 0.7709384460141271 0.4550958627648839 0.8012108980827448 0.4490413723511605 0.8203834510595359 0.40665993945509593 0.8163471241170535 0.3884964682139253 0.7941473259334006 0.3834510595358223 0.7749747729566095 0.3864783047426841 0.7618567103935419 0.3975782038345106 0.749747729566095 0.4026236125126135 0.7467204843592331 0.4167507568113017
5 0.8557013118062564 0.31281533804238143 0.8355196770938446 0.3249243188698285 0.8375378483660283 0.3420787200767922 0.8496468213925329 0.3521695257315843 0.858728557013118 0.35317860746720486 0.8698284561049445 0.3360242179616549 0.8678102926337032 0.32290615539858725
5 0.8779011099899091 0.3168516649848638 0.9031281533804237 0.3158425832492432 0.905146316851665 0.34611503531786075 0.8779011099899091 0.3491422805247225
5 0.005045393076217814 0.26538849256774255 0.047426841574167454 0.27749747729566093 0.05045408678102921 0.2482341069626639 0.033299697275479254 0.20484359233097874 0.00504537747433276 0.20585267796707055
3 0.7013097738661039 -1.1203057766146886e-18 0.7058750448042325 0.026708726747653958 0.7235034748791488 0.04640762672868522 0.7527729423827538 0.03935621431117509 0.7699232671078984 0.027245206861755748 0.7779857668427921 -1.1203057766146886e-18
5 0.37941473259334 0.5015136226034308 0.3773965691220988 0.4672048435923309 0.40565085771947523 0.45812310797174566 0.4339051463168516 0.4672048435923309 0.43087790110998986 0.4904137235116044 0.41170534813319876 0.503531786074672
5 0.09485368314833495 0.5247225025227044 0.11806256306760844 0.527749747729566 0.1342078708375378 0.49747729566094845 0.12108980827447019 0.48435923309788087 0.09687184661957614 0.4944500504540868
5 0.14229271906371838 0.5589826426064681 0.15742081553721654 0.5267366127500009 0.15580015937886432 0.5028030315954883 0.13316004046035398 0.5016808230473604 0.1228155670908257 0.5133942407581826 0.11707177284381177 0.5529240989488
3 0.10292633703329969 0.7487386478304743 0.1493440968718466 0.7487386478304743 0.16750756811301712 0.6962663975782037 0.1422805247225025 0.6750756811301716 0.11200807265388497 0.6841574167507568 0.09889001009081735 0.7063572149344097
3 0.1843033583240903 0.9299480447998932 0.19848053973363572 0.9015936819808025 0.3102300873147583 0.8707374636188505 0.2885473392766301 0.931615948495134 0.24267998765751259 0.9733135408761499 0.19848053973363572 0.9566345039237434
5 0.9622603430877901 0.601614530776993 0.965590312815338 0.5727547931382442 0.9744702320887991 0.5549949545913219 0.9988900100908173 0.5538849646821393 1.0 0.6082744702320888
5 0.8591321897073664 0.23420787083753786 0.8868819374369324 0.22976791120080725 0.8924318869828456 0.20867810292633704 0.8680121089808275 0.19979818365287588 0.8546922300706358 0.2153380423814329
5 0.9157416750756812 0.24197780020181636 0.9290615539858729 0.21866801210898085 0.9434914228052471 0.21644803229061554 0.9457114026236125 0.2308779011099899 0.9368314833501514 0.2497477295660949
5 0.6682139253279515 0.24419778002018164 0.6992936427850656 0.25307769929364277 0.7214934409687185 0.23975782038345106 0.7270433905146318 0.2075681130171544 0.7004036326942482 0.19868819374369326 0.6671039354187688 0.2153380423814329
3 0.5894046417759838 0.10322906155398588 0.6215943491422805 0.13319878910191726 0.648234106962664 0.12986881937436934 0.6648839556004037 0.09989909182643794 0.6637739656912209 0.06992936427850656 0.6260343087790111 0.059939455095862765 0.5960645812310797 0.081029263370333
3 0.5783047426841574 0.1709384460141271 0.6149344096871847 0.20423814328960646 0.6593340060544903 0.17648839556004037 0.6460141271442987 0.1442986881937437 0.6071644803229062 0.13874873864783047
5 0.5438950855331243 0.08768921569698403 0.5538849646821393 0.1143289606458123 0.582744702320888 0.12098890010090818 0.5905146316851665 0.08879919273461151 0.5760847628657921 0.07103935418768921
5 0.5327951564076691 0.1598385469223007 0.5561049445005045 0.1709384460141271 0.5760847628657921 0.15872855701311805 0.5716448032290615 0.12875882946518669 0.5427850655903128 0.12986881937436934 0.5350151362260344 0.14207870837537842
5 0.27749747729566093 0.13430877901109992 0.29969727547931385 0.14318869828456104 0.32633703329969727 0.10766902119071645 0.30302724520686175 0.0732593340060545 0.2752774974772957 0.08768920282542886
3 0.3618567103935419 0.16094853683148336 0.4195761856710394 0.16316851664984863 0.4351160443995964 0.12209889001009082 0.41846619576185673 0.09434914228052473 0.35741675075681134 0.10322906155398588
3 0.31412712284609634 0.07214934409687185 0.36296670030272454 0.06548940464177598 0.4018164329344848 0.08546921013550841 0.3955129429219509 0.1011660720292044 0.3540867810292634 0.12320887991927347 0.3218970393388195 0.11765893895439702
5 0.19202826286963415 0.0 0.20201816347124119 0.033299697275479316 0.24308779011099899 0.03107971745711403 0.25529768769304484 0.0
5 0.12986881937436934 0.06992936427850656 0.162058526740666 0.07214934409687185 0.1798183652875883 0.046619576185671044 0.15650857719475278 0.027749747729566097 0.12875882946518669 0.03440968718466196
5 0.12098891297246334 0.0 0.12320887991927347 0.03107971745711403 0.1731584258324924 0.03440968718466196 0.18536831054298314 0.001109951294517135
3 0.7670030272452069 0.7381432896064581 0.8136226120119148 0.7448032762572564 0.8657921549055725 0.7026236253841688 0.8324924318869829 0.6693239152371342 0.7603430877901112 0.6926337033299697
3 0.9168516649848638 0.8546922300706358 0.9568113017154389 0.8080726538849647 0.9978809283551968 0.8169525731584258 0.9923309788092836 0.8691220988900102 0.9561348358090805 0.8823943483904148
5 0.9557013118062564 0.1920282542885974 0.9534813319878911 0.1664984863773966 0.9656912209889001 0.16094853683148336 0.9823410696266399 0.17537840565085772 0.9989909182643796 0.16316851664984863 0.9978809283551968 0.2153380423814329 0.9723511604439959 0.21866801210898085 0.9534813319878911 0.21089808274470234
5 0.8794208297639482 0.1987911285392276 0.9249304160404366 0.20212109826677552 0.9176528332027521 0.1789142449694744 0.9227104362220712 0.14592335208059828 0.8915277782011926 0.16277907030940672
5 0.5738647830474268 0.7004036326942482 0.5749747643755727 0.657113991911978 0.6193743736144337 0.6560040234553872 0.6415741889601602 0.6959636601859625 0.6127144298688194 0.7348133198789103
3 0.36740662990582634 0.7203834253164255 0.3884964682139254 0.7392532795156409 0.42068617558022203 0.7314833501513622 0.4262361251261353 0.6915237134207871 0.3884964682139254 0.6893037336024218
5 0.3618567103935419 0.7736629667003028 0.389606458123108 0.7980827447023209 0.40514631685166497 0.7914228052472251 0.4195761856710394 0.7603430877901112 0.4084762865792129 0.7403632694248234 0.3773965691220989 0.7481331987891019
3 0.28415741675075684 0.7736629667003028 0.2863773965691221 0.7470232088799194 0.30302724520686175 0.7325933400605449 0.34742684157416753 0.7381432896064581 0.35852674066599394 0.7570131180625631 0.3407669021190717 0.7769929364278508 0.3096871846619576 0.7903128153380424
3 0.29525731584258325 0.7869828456104945 0.2752774974772957 0.7958627648839556 0.28526740665993944 0.8213925327951564 0.30302724520686175 0.8280524722502522 0.32522704339051467 0.825832492431887 0.33077702297005657 0.7969727419215832
2 0.0910191725529768 0.3141271442986882 0.08990919122483093 0.37517664937099116 0.12875882946518669 0.3518668012108981 0.12986881937436934 0.32522704339051467
5 0.4151362260343088 0.2963673272043579 0.44177598385469224 0.2808274470232089 0.4462159434914228 0.25529767911200807 0.4273461150353179 0.21866801210898085 0.3929364278506559 0.24863773965691224 0.389606458123108 0.27749749445773453
3 0.011099899091826439 0.12653884964682138 0.015539841566483453 0.06437941902311173 0.06215946065733839 0.06992936427850656 0.057719492439571043 0.12320889279082863 0.03107971745711403 0.15539858728557013
3 0.7392532709346039 0.23753785343664094 0.7592330978809284 0.2075681130171544 0.7969727547931381 0.18536831483350152 0.8102926337033299 0.2075681130171544 0.7925327951564077 0.2453077699293643 0.763723138733968 0.2472973667135677
5 0.7403632737153418 0.05105954011292 0.7381432938969765 0.07214934838739023 0.7614530819898121 0.08546922729758195 0.7792129334082893 0.07769930222382185 0.7814329218076915 0.047729557513816905 0.7581231036812273 0.042179586515311784
2 0.2630675913142131 0.7403632994584523 0.24308779011099899 0.7214934409687185 0.2453077699293643 0.7004036326942482 0.2652875882946519 0.6915237134207871 0.28526740236942105 0.7015136397655044 0.2863774137311957 0.7181634712411706
3 0.13874873006679372 0.6404641518552752 0.163168542392959 0.6160443438196282 0.18980829163230567 0.6215943062370967 0.20090817356205853 0.6571140648507905 0.17315843870404762 0.680423831491034 0.14762865792129162 0.6726538849646821
3 0.0832492260266247 0.6038345234669135 0.13541876892028254 0.5949545913218971 0.146518668012109 0.5583249243188698 0.08990917835327576 0.5549949503008035
0 0.0 0.9197247582005016 0.7511466844805441 0.9025229108964161 0.8119266179462873 1.0 0.0 1.0
5 0.9204431017119838 0.11782477341389729 0.9355488418932528 0.1419939577039275 0.959718026183283 0.1419939577039275 0.971802618328298 0.12386706948640484 0.9546827794561934 0.1027190332326284 0.9335347432024169 0.10876132930513598
5 0.9194360523665659 0.39375631136309996 0.9657603222557906 0.3907351633268461 0.9587109768378652 0.3353474493288603 0.9133937562940585 0.3464250094331484 0.9114582777757368 0.37475236542082646
2 0.45417925478348437 0.7351460048503946 0.4944612286002015 0.7361530541958125 0.5367573011077544 0.6868076362703343 0.5266868076535751 0.6576032052532145 0.48539778449144 0.6747231018076226 0.44511581067472306 0.6847935375794983
5 0.34340382678751263 0.6515609264853979 0.38368580060422963 0.662638469284995 0.40382678751258816 0.6435045317220545 0.3937562940584089 0.6193353474320243 0.3585095669687815 0.6173212487411884
5 0.2578046324269889 0.6324269889224573 0.2578046324269889 0.6686807653575026 0.298086606243706 0.6737160120845922 0.3071500503524673 0.6455186304128904 0.29305135951661637 0.6283987915407856
5 0.2960725075528701 0.6052366565961733 0.30010070493454183 0.6243705941591139 0.3262839879154079 0.623363544813696 0.338368580060423 0.6022155085599196 0.32024169184290036 0.5901309164149044 0.30412890231621353 0.5971802618328299
5 0.0 0.7784491613127474 0.03323262839879155 0.7593152410544978 0.028197381671701917 0.7291037260825781 0.01812688821752266 0.7200402992785077 0.0 0.7200402992785078
3 0.6696878147029204 0.13595166163141997 0.6596173212487412 0.1641490433031219 0.6696878147029204 0.1732124874118832 0.6948640483383687 0.1701913393756294 0.7240684793554883 0.15911379657603225 0.7099697885196374 0.13997985901309165
5 0.5981873111782479 0.04128902316213495 0.6153071500503525 0.016112789526686808 0.6435045317220544 0.012084592145015107 0.6636455186304129 0.030211480362537766 0.6747230614300102 0.0553877139979859 0.6555891238670695 0.06143001007049346 0.6112789526686808 0.06042296072507553
