2 0.7189189189189189 0.8981981981981982 0.7216216216216216 0.8711711711711712 0.7423423423423423 0.8666666666666667 0.7639639639639639 0.8333333333333335 0.8153153153153154 0.8270270270270269 0.8567567567567564 0.8468468468468469 0.8657657657657658 0.8900900900900901 0.8585585585585584 0.9288288288288288 0.8126126126126126 0.9495495495495496 0.7621621621621623 0.936036036036036 0.7423423423423423 0.9072072072072072
2 0.681981981981982 0.5873873873873874 0.7045045045045044 0.6081081081081081 0.7378378378378379 0.6 0.754054054054054 0.5540540540540541 0.7639639639639639 0.5 0.7621621621621621 0.4612612612612612 0.7378378378378379 0.44504504504504505 0.6882882882882881 0.4702702702702703 0.6765765765765765 0.4954954954954955 0.6882882882882881 0.5153153153153153 0.6789681758048949 0.5497588144820273
2 0.7036036036036036 0.6414414414414416 0.7153153153153152 0.6216216216216216 0.7297092768444118 0.5945731677623567 0.7549549549549549 0.5837837837837838 0.7873873873873873 0.6 0.8135135135135135 0.6396396396396397 0.8045045045045045 0.690990990990991 0.790990990990991 0.7009009009009008 0.7297297297297297 0.6846846846846847 0.7063063063063063 0.6693693693693694
2 0.8909909909909911 0.5477477477477477 0.9261261261261261 0.581981981981982 0.9576576576576576 0.5558558558558558 0.9684684684684685 0.5306306306306307 0.9405405405405406 0.5027027027027027 0.918018018018018 0.5036036036036036
2 0.8288288288288288 0.527927927927928 0.863063063063063 0.5369369369369369 0.8945945945945946 0.5045045045045045 0.8873873873873874 0.472072072072072 0.8567567567567568 0.4540540540540541 0.8207207207207208 0.47927927927927927 0.8162162162162161 0.4990990990990991
2 0.8171171171171171 0.4009009009009009 0.8603603603603603 0.39369369369369367 0.8747747747747748 0.3747747747747748 0.8621621621621621 0.33693693693693694 0.8171171171171171 0.3423423423423423 0.8027027027027027 0.3621621621621622 0.8036244541484716 0.38605727998741096
2 0.645945945945946 0.3045045045045045 0.6522522522522523 0.31891891891891894 0.6666666666666665 0.31891891891891894 0.6927927927927928 0.36486486486486486 0.7342342342342343 0.35945945945945945 0.7702702702702703 0.33333333333333326 0.7954954954954956 0.31351351351351353 0.8009009009009008 0.2747747747747748 0.7882882882882883 0.2306306306306306 0.7629094674953484 0.23745369777595524 0.764317993762332 0.277483842444698 0.7515985440599836 0.2800357700235497 0.7421673192440391 0.23679690280058752 0.7234234234234235 0.22072072072072071 0.7037837837837838 0.2237837837837838 0.6891891891891891 0.23783783783783785 0.6783783783783783 0.2747747747747748 0.6603603603603604 0.2864864864864865 0.6441441441441441 0.2945945945945946
2 0.7432432432432432 0.09549549549549549 0.7612612612612613 0.11171171171171171 0.790990990990991 0.0981981981981982 0.7981981981981981 0.05945945945945946 0.7675675675675676 0.04864864864864865 0.7468468468468469 0.06486486486486487
2 0.7189189189189187 0.1828828828828829 0.7603603603603604 0.1918918918918919 0.781981981981982 0.1801801801801802 0.7702702702702703 0.13153153153153152 0.7432432432432432 0.12252252252252252 0.7207207207207208 0.14054054054054055 0.7153153153153152 0.1594594594594595
2 0.7864864864864864 0.17207207207207204 0.8063063063063063 0.1891891891891892 0.8423423423423422 0.17387387387387387 0.8297297297297297 0.14324324324324325 0.8027027027027027 0.13153153153153152 0.7792792792792792 0.14684684684684685
2 0.6882882882882881 0.4162162162162162 0.727027027027027 0.43423423423423424 0.7513513513513513 0.436036036036036 0.7972972972972973 0.4252252252252252 0.8 0.3963963963963964 0.7855855855855856 0.37657657657657656 0.745945945945946 0.3747747747747748 0.7378378378378379 0.3603603603603604 0.6765765765765765 0.36396396396396397 0.6666666666666665 0.3891891891891892
2 0.563963963963964 0.7018018018018019 0.5783783783783784 0.6864864864864865 0.5927927927927928 0.690990990990991 0.6 0.7135135135135136 0.5900900900900901 0.726126126126126 0.5684684684684684 0.726126126126126
2 0.6585585585585586 0.8612612612612612 0.6603603603603604 0.8396396396396396 0.6873873873873874 0.8297297297297297 0.6990990990990992 0.8450450450450451 0.69009009009009 0.8621621621621621 0.6684684684684684 0.8684684684684685
2 0.6198198198198198 0.7585585585585587 0.6153153153153154 0.7981981981981981 0.6333333333333333 0.8153153153153153 0.645945945945946 0.7954954954954956 0.645945945945946 0.7585585585585587 0.6306306306306306 0.7450450450450451
2 0.69009009009009 0.7072072072072072 0.6864864864864865 0.7450450450450451 0.7 0.7576576576576577 0.7288288288288288 0.745945945945946 0.7351351351351352 0.7171171171171171 0.7171171171171171 0.6954954954954955
2 0.7126126126126127 0.7621621621621621 0.7063063063063063 0.781981981981982 0.7297297297297297 0.7972972972972973 0.7630630630630632 0.7783783783783784 0.7576576576576577 0.7414414414414413 0.7342342342342343 0.7387387387387387 0.718018018018018 0.7549549549549549
2 0.7765765765765765 0.7333333333333333 0.7981981981981981 0.7009009009009008 0.8621621621621621 0.7081081081081081 0.8621621621621621 0.7423423423423423 0.8405405405405405 0.7630630630630632 0.8045045045045045 0.7585585585585587
2 0.872072072072072 0.7927927927927928 0.9117117117117117 0.7558558558558559 0.9423423423423424 0.7612612612612613 0.9576576576576576 0.7801801801801802 0.9810810810810809 0.7765765765765765 0.9972972972972972 0.7414414414414413 0.9954954954954955 0.8909909909909911 0.927027027027027 0.8846846846846845 0.9 0.8666666666666667 0.8729729729729729 0.8684684684684685 0.8567567567567568 0.8414414414414414 0.863963963963964 0.8171171171171171
2 0.9342342342342342 0.8954954954954953 0.9099099099099099 0.9234234234234235 0.9369369369369369 0.9612612612612612 0.9747747747747748 0.963963963963964 0.9954954954954955 0.9693693693693693 0.9972972972972972 0.9153153153153153 0.972072072072072 0.8990990990990991
2 0.6486486486486487 0.1036036036036036 0.6684684684684684 0.06306306306306306 0.7126126126126127 0.06396396396396396 0.726126126126126 0.1081081081081081 0.7072072072072072 0.14414414414414414 0.6801801801801802 0.14504504504504503 0.6567567567567568 0.13693693693693693
2 0.609009009009009 0.1891891891891892 0.6063063063063063 0.24684684684684688 0.645945945945946 0.25765765765765763 0.6828828828828829 0.22882882882882882 0.6882882882882881 0.19369369369369369 0.6675675675675676 0.16396396396396395 0.6495495495495496 0.14594594594594595 0.6171171171171171 0.16306306306306306
2 0.5855855855855856 0.1045045045045045 0.581081081081081 0.14504504504504503 0.6081081081081081 0.15405405405405406 0.6414414414414416 0.13693693693693693 0.6333333333333333 0.1081081081081081 0.6142298395956932 0.09635684464952765
2 0.8945945945945946 0.3675675675675676 0.8981981981981982 0.3927927927927928 0.9225225225225224 0.390990990990991 0.927027027027027 0.36936936936936937 0.909009009009009 0.35855855855855856
2 0.9144144144144144 0.41351351351351356 0.9288288288288288 0.4378378378378379 0.9522522522522523 0.44054054054054054 0.9522522522522523 0.409009009009009 0.9324324324324325 0.3927927927927928
2 0.9567567567567568 0.4063063063063063 0.972972972972973 0.44234234234234227 0.9972972972972972 0.44504504504504505 1.000900900900901 0.3945945945945946 0.9801801801801802 0.37567567567567567
2 0.8054054054054053 0.3036036036036036 0.8297297297297297 0.33693693693693694 0.8603603603603603 0.31981981981981983 0.8612612612612612 0.2810810810810811 0.8270270270270271 0.2765765765765766
2 0.7954954954954956 0.236036036036036 0.8081081081081081 0.2135135135135135 0.8495495495495495 0.2108108108108108 0.854954954954955 0.25765765765765763 0.8036036036036036 0.27927927927927926
2 0.8306306306306306 0.5477477477477477 0.8216216216216217 0.5738738738738739 0.8252252252252252 0.6018018018018018 0.8522522522522522 0.6 0.8693693693693693 0.5621621621621622 0.8567567567567568 0.5459459459459459
2 0.853153153153153 0.6018018018018018 0.8801801801801801 0.6198198198198198 0.9108108108108108 0.6 0.9 0.5711711711711712 0.8675675675675676 0.5621621621621622
2 0.8522522522522522 0.6315315315315315 0.8810810810810811 0.6216216216216216 0.9108108108108108 0.6288288288288288 0.9126126126126127 0.6576576576576578 0.8990990990990991 0.6801801801801802 0.881981981981982 0.6783783783783783 0.8576576576576577 0.6639639639639638
2 0.8837837837837837 0.6828828828828829 0.8801801801801801 0.7072072072072072 0.8675675675675676 0.7144144144144144 0.872072072072072 0.7351351351351352 0.8666666666666667 0.745945945945946 0.8657657657657658 0.7621621621621621 0.8873873873873874 0.7702702702702703 0.9513513513513514 0.7594594594594595 0.9612612612612612 0.7315315315315316 0.9549549549549551 0.7108108108108108 0.9324324324324325 0.7081081081081081 0.927027027027027 0.6846846846846847 0.909009009009009 0.6783783783783783
2 0.5162162162162162 0.654054054054054 0.618018018018018 0.6936936936936937 0.636936936936937 0.6738738738738739 0.6306306306306306 0.6306306306306306 0.6135135135135135 0.6324324324324324 0.6081081081081081 0.6234234234234234 0.627927927927928 0.6036036036036037 0.6711711711711712 0.5927927927927928 0.6711711711711712 0.5351351351351351 0.645945945945946 0.5117117117117117 0.609009009009009 0.527027027027027 0.5972972972972973 0.5621621621621622 0.5315315315315315 0.5387387387387388
2 0.31891891891891894 0.5756756756756757 0.37657657657657656 0.5963963963963964 0.4711711711711712 0.5927927927927928 0.463963963963964 0.5333333333333333 0.4063063063063063 0.5171171171171172 0.3342342342342342 0.5324324324324324
2 0.35315315315315315 0.6288288288288288 0.4117117117117117 0.6333333333333333 0.43153153153153156 0.6045045045045047 0.4693693693693694 0.6054054054054054 0.4747747747747748 0.7081081081081081 0.44954954954954957 0.7135135135135136 0.35405405405405405 0.6981981981981982 0.34234234234234234 0.6630630630630631
2 0.4918918918918919 0.07207207207207207 0.4846846846846847 0.1009009009009009 0.5063063063063064 0.13603603603603603 0.5468468468468468 0.11711711711711711 0.5603603603603604 0.08648648648648649 0.5324324324324324 0.05765765765765765
2 0.41081081081081083 0.2594594594594595 0.37657657657657656 0.2891891891891892 0.3864864864864865 0.3495495495495496 0.42792792792792794 0.372972972972973 0.4927927927927928 0.3288288288288289 0.4666666666666666 0.26576576576576577
2 0.18828828828828828 0.5414414414414415 0.18468468468468469 0.5666666666666667 0.2036036036036036 0.5891891891891892 0.22792792792792793 0.5783783783783784 0.23693693693693693 0.5477477477477477 0.21891891891891896 0.527927927927928
2 0.14774774774774774 0.6576576576576578 0.1900900900900901 0.654054054054054 0.2009009009009009 0.6315315315315315 0.19369369369369369 0.6027027027027027 0.16666666666666663 0.5954954954954955 0.14504504504504503 0.6072072072072072
2 0.2099099099099099 0.8432432432432432 0.2135135135135135 0.7882882882882883 0.24774774774774774 0.7495495495495496 0.26576576576576577 0.7603603603603604 0.27837837837837837 0.7468468468468469 0.31801801801801804 0.7783783783783784 0.3234234234234235 0.8126126126126126 0.3054054054054054 0.8198198198198198 0.3288288288288289 0.8315315315315316 0.3117117117117117 0.8594594594594596 0.2747747747747748 0.8603603603603603 0.25495495495495496 0.8504504504504504
2 0.0 0.9387387387387388 0.03873873873873874 0.9387387387387388 0.04234234234234233 0.9792792792792793 0.027927927927927927 0.9963963963963964 0.0009009009009009008 0.9927927927927928
2 0.27387387387387385 0.6270270270270271 0.2756756756756757 0.6 0.30180180180180183 0.5882882882882883 0.34864864864864864 0.6117117117117117 0.3342342342342342 0.6603603603603606 0.3054054054054054 0.6720720720720721 0.2891891891891892 0.6576576576576578 0.27207207207207207 0.6558558558558558 0.26216216216216215 0.6414414414414416
2 0.06486486486486487 0.7333333333333333 0.08828828828828829 0.7 0.11981981981981982 0.7081081081081081 0.14504504504504503 0.7756756756756756 0.12162162162162163 0.7927927927927928 0.08108108108108109 0.7684684684684684
2 0.02072072072072072 0.8801801801801801 0.04594594594594595 0.8954954954954953 0.06846846846846846 0.8909909909909911 0.07117117117117117 0.8432432432432432 0.04594594594594595 0.836036036036036 0.01891891891891892 0.854054054054054
2 0.0891891891891892 0.8297297297297297 0.0891891891891892 0.8585585585585584 0.13423423423423422 0.872072072072072 0.15495495495495495 0.8621621621621621 0.14684684684684685 0.8333333333333335 0.12162162162162163 0.8144144144144144
2 0.281981981981982 0.7477477477477477 0.3027027027027027 0.7171171171171171 0.3288288288288289 0.7171171171171171 0.33783783783783783 0.7351351351351352 0.3324324324324324 0.7639639639639639 0.3162162162162162 0.7774774774774775
2 0.9855855855855856 0.6747747747747748 0.9423423423423424 0.6486486486486487 0.9612612612612612 0.5972972972972973 0.9810810810810809 0.5783783783783784 1.0 0.5846846846846847 0.9981981981981982 0.6774774774774773
2 0.6054054054054054 0.31711711711711715 0.6189189189189189 0.2927927927927928 0.6396396396396397 0.2981981981981982 0.6513513513513512 0.3261261261261261 0.636936936936937 0.34054054054054056 0.6144144144144145 0.34144144144144145
0 0.4489281210592686 0.9962168978562421 0.4577553593947037 0.0 0.5636822194199244 0.0012610340479192938 0.5283732059013244 1.0
