2 0.13895284489792617 0.058166307166573755 0.1365292487659856 0.07755507622209833 0.1365292487659856 0.08886519150448766 0.14541576791643437 0.09048092225911471 0.16238094084001836 0.09048092225911471 0.17126745999046716 0.07432361471284424 0.1704595946131536 0.058166307166573755 0.15753374857613722 0.054934845657319646 0.14945509480300198 0.054934845657319646
2 0.08967305688180119 0.13410565263404503 0.07917080697672538 0.1429921717844938 0.07432361471284424 0.15187869093494255 0.07917080697672538 0.15995734470807782 0.08886519150448766 0.166420267726586 0.09613597990030938 0.17288319074509417 0.10583036442807167 0.1696517292358401 0.10906182593732577 0.15753374857613722 0.11390901820120693 0.14460790253912081 0.10259890291881758 0.13410565263404503
2 0.03716180735642212 0.2399360170621167 0.05170338414806555 0.2431674785713708 0.05331911490269261 0.2302416325343544 0.050895518770752025 0.21973938262927858 0.03958540348836269 0.21973938262927858 0.036353941979108594 0.2262023056477868 0.03473821122448154 0.23185736328898143
2 0.08056030673299264 0.22843813005108868 0.07062821412207572 0.2455434006587789 0.07449069458187675 0.2565790591153532 0.08331922134713621 0.26154510542081166 0.0998727090319977 0.26099332249798296 0.10649410410594232 0.24940588111857986 0.10318340656897 0.24057735435332045 0.0965620114950254 0.23064526174240357 0.08994061642108081 0.2295416958967461
2 0.18595084499327752 0.2212649520543154 0.17988123284216162 0.2289899129739174 0.18153658161064776 0.23726665681634812 0.18705441083893493 0.24278448604463532 0.19698650344985183 0.24719874942726502 0.20471146436945387 0.24775053235009378 0.21133285944339847 0.23781843973917685 0.21133285944339847 0.22733456420543122 0.20360789852379643 0.22236851789997278 0.19753828637268053 0.22181673497714408
2 0.26170617157674697 0.22026936107709535 0.2747914801555843 0.22463113060337447 0.2900576734975612 0.22135980345866513 0.29660032778697987 0.2093649372613976 0.291148115879131 0.19082741677471135 0.27806280730029365 0.18973697439314155 0.2682488258661656 0.19300830153785087 0.25952528681360737 0.19955095582726956
2 0.09384313918297392 0.014150949559337336 0.084905697356024 0.029046685937587163 0.09086399190732396 0.034260193669974605 0.11320759647469869 0.035004980488887096 0.12363461193947359 0.013406162740424842
2 0.07447868189124913 0.04394242231583699 0.06107251915082429 0.056603798237349345 0.07149953461559917 0.06554124006429923 0.08043697644254907 0.07447868189124913 0.1042701546477488 0.07522346871016163 0.1117180228368737 0.06256209278864927 0.10129100737209881 0.051390290504961904 0.08937441826949896 0.039473701402362046
2 0.014895736378249829 0.07820261598581159 0.03872891458344955 0.08341612371819902 0.05436943778061187 0.09756707327753636 0.04096327504018703 0.11246280965578619 0.0260675386619372 0.12288982512056108 0.013406162740424842 0.12140025148273609 0.003723934094562457 0.13555120104207344 0.0014895736378249826 0.09533271282079889
2 0.029791472756499657 0.14895736378249827 0.05362465096169937 0.1370407746798984 0.06628602688321174 0.1377855614988109 0.058838158694086824 0.15566044515271069 0.06256209278864928 0.1839623442713854 0.04468720913474948 0.1839623442713854 0.029791472756499657 0.1884310651848603 0.018619670472812284 0.18694149154703535 0.017874883653899793 0.17651447608226045 0.025322751843024703 0.169811394712048 0.03128104639432464 0.1645978869796606 0.029791472756499657 0.1571500187905357
2 0.12351972974319558 0.15142148863179172 0.14735290794839528 0.14844234135614176 0.15926949705099516 0.1529110622696167 0.1555455629564327 0.16557243819112905 0.15629034977534517 0.18121296138829138 0.14362897385383283 0.1961086977665412 0.12054058246754559 0.19834305822327863 0.11011356700277071 0.18717125593959133 0.11160314064059569 0.16855158546677898
2 0.07224432143451166 0.09309835236406143 0.1042701546477488 0.0938431391829739 0.10278058100992381 0.10799408874231124 0.08788484463167398 0.12288982512056108 0.0685203873399492 0.1281033328529485 0.06107251915082429 0.11767631738817365
2 0.07373389507233664 0.2629097470761095 0.06777560052103672 0.27855027027327184 0.0774578291668991 0.2927012198326091 0.09905664691536135 0.2927012198326091 0.10575972828557377 0.2763159098165343 0.1042701546477488 0.260675386619372
2 0.14523342968793582 0.2949355802893466 0.1385303483177234 0.30908652984868396 0.14448864286902333 0.31802397167563384 0.15789480560944816 0.32025833213237137 0.169811394712048 0.31727918485672135 0.169811394712048 0.29716994074608405 0.15863959242836068 0.28748771210022167
2 0.00521350773238744 0.3612216071725583 0.023833178205199722 0.35377373898343334 0.03723934094562457 0.35898724671582083 0.04021848822127454 0.3731381962751582 0.0342601936699746 0.38505478537775806 0.03872891458344955 0.39399222720470806 0.04394242231583699 0.4014400953938329 0.047666356410399444 0.41410147131534525 0.035749767307799586 0.41782540540990765 0.02308839138628723 0.41782540540990765 0.01117180228368737 0.4193149790477327 0.0059582945512999304 0.41410147131534525 0.003723934094562457 0.4006953085749203 0.002234360456737474 0.3865443590155831 0.002234360456737474 0.37760691718863315
2 0.130337693309686 0.5474183119006811 0.13555120104207344 0.5317777887035189 0.14299906923119834 0.5220955600576564 0.15938437924727317 0.5064550368604941 0.174280115625523 0.5019863159470191 0.18619670472812286 0.5206059864198315 0.19066542564159777 0.5347569359791687 0.16832182107422305 0.5355017227980813 0.1549156583337982 0.5466735250817687 0.15193651105814826 0.554866180089806 0.15193651105814826 0.562314048278931 0.14076470877446084 0.5690171296491433 0.13555120104207344 0.5630588350978434 0.13257205376642348 0.554866180089806
2 0.086395270993849 0.5779545714760933 0.1050149414666613 0.5682723428302309 0.11320759647469869 0.562314048278931 0.12363461193947359 0.5503974591763311 0.13534899647585258 0.5557895809422134 0.14150949559337336 0.5675275560113183 0.1370407746798984 0.5764649978382683 0.12363461193947359 0.5839128660273931 0.11022844919904871 0.5891263737597806 0.09831186009644886 0.5891263737597806
2 0.14374385605011084 0.2234360456737474 0.15193651105814826 0.22715997976830984 0.15789480560944816 0.22567040613048486 0.17204575516878548 0.2249256193115724 0.17725926290117294 0.23013912704395983 0.17576968926334796 0.2398213556898222 0.169811394712048 0.24652443706003468 0.16236352652292316 0.24801401069785964 0.1541708715148857 0.24801401069785964 0.14448864286902333 0.24652443706003468 0.14299906923119834 0.24354528978438467 0.14225428241228585 0.2390765688709098 0.1392751351366359 0.2338630611385223
2 0.31355525076215884 0.17725926290117294 0.31727918485672135 0.18619670472812286 0.31876875849454633 0.1936445729172477 0.32025833213237126 0.20258201474419762 0.3217479057701963 0.21226424339006 0.3217479057701963 0.21896732476027247 0.3277062003214962 0.21375381702788507 0.33217492123497117 0.21151945657114754 0.339622789424096 0.2100298829333226 0.35004980488887094 0.21077466975223505 0.35898724671582083 0.21151945657114754 0.36420075444820826 0.20854030929549758 0.36494554126712075 0.20183722792528516 0.3619663939914708 0.19587893337398524 0.35898724671582083 0.19066542564159777 0.35600809944017087 0.18545191790921037 0.3522841653456084 0.1809831969957354 0.35004980488887094 0.17651447608226045 0.347070657613221 0.17204575516878548 0.34185714988083354 0.1705561815309605 0.3344092816917087 0.16906660789313552 0.33217492123497117 0.16906660789313552 0.3277062003214962 0.16832182107422305 0.3232374794080212 0.16832182107422305 0.31876875849454633 0.16906660789313552
2 0.4073983899451328 0.052879864142786885 0.40144009539383285 0.0692651741588617 0.40218488221274534 0.07820261598581159 0.4073983899451328 0.0871400578127615 0.41857019222882014 0.08937441826949896 0.4312315681503325 0.08862963145058647 0.4401690099772824 0.08565048417493651 0.45655431999335716 0.07820261598581159 0.4640021881824821 0.06628602688321174 0.47145005637160703 0.051390290504961904 0.47145005637160703 0.04096327504018703 0.46027825408791967 0.03723934094562457 0.4483616649853198 0.03649455412671208 0.4364450758827199 0.037984127764537065 0.42676284723685753 0.03947370140236204 0.41857019222882014 0.0431976354969245 0.4118671108586077 0.04617678277257446
2 0.4669813354581321 0.0871400578127615 0.4669813354581321 0.09682228645862385 0.46996048273378205 0.10575972828557377 0.4736844168283445 0.11544195693143616 0.48187707183638195 0.1206554646638236 0.4863457927498569 0.12437939875838605 0.4952832345768068 0.12661375921512352 0.5019863159470191 0.12661375921512352 0.5131581182307066 0.12214503830164858 0.5235851336954814 0.11320759647469869 0.5295434282467814 0.09905664691536135 0.5332673623413438 0.08416091053711153 0.5265642809711314 0.07224432143451166 0.5146476918685314 0.061817305969736794 0.49379366093898175 0.057348585056261836 0.48187707183638195 0.061817305969736794 0.472939630009432 0.0692651741588617 0.4677261222770446 0.07522346871016163
2 0.3843099985588455 0.17204575516878548 0.4073983899451328 0.1735353288066105 0.41112232403969523 0.1474677901446733 0.4222941263233826 0.1392751351366359 0.4371898627016324 0.15119172423923574 0.44538251770966986 0.1735353288066105 0.4446377308907573 0.19438935973616026 0.42676284723685753 0.216732964303535 0.4044192426694828 0.2234360456737474 0.3872891458344954 0.20928509611441007 0.37909649082645813 0.1928997860983353
2 0.38282042492102053 0.0871400578127615 0.39399222720470795 0.08416091053711153 0.40144009539383285 0.09011920508841147 0.4029296690316578 0.10129100737209881 0.39548180084253287 0.10948366238013624 0.3835652117399331 0.11469717011252367 0.37909649082645813 0.10948366238013624 0.37760691718863304 0.10054622055318634
2 0.5526318196330686 0.1593843792472732 0.562314048278931 0.16608746061748558 0.5719962769247934 0.1638531001607481 0.573876902805788 0.15883809781142974 0.5764649978382683 0.15193651105814826 0.5712514901058808 0.1392751351366359 0.560824474641106 0.1385303483177234 0.5541213932708935 0.14448864286902333
2 0.5913607342165181 0.1459782165068483 0.5846576528463058 0.1549156583337982 0.5861472264841306 0.1616187397040106 0.5935950946732556 0.16832182107422305 0.600298176043468 0.1645978869796606 0.6010429628623806 0.1556604451527107 0.5995533892245556 0.14821257696358578
2 0.10740740740740741 0.8490740740740741 0.09814814814814815 0.8675925925925925 0.1 0.875 0.11203703703703702 0.8787037037037037 0.1259259259259259 0.8824074074074075 0.13518518518518519 0.8870370370370371 0.14166666666666666 0.8712962962962963 0.1425925925925926 0.8611111111111112 0.13518518518518519 0.8527777777777777 0.12129629629629629 0.850925925925926
2 0.43333333333333335 0.29259259259259257 0.42314814814814816 0.3074074074074074 0.4203703703703704 0.32129629629629636 0.41759259259259257 0.3351851851851852 0.4277777777777778 0.3351851851851852 0.44074074074074077 0.3407407407407408 0.4444444444444444 0.33055555555555555 0.45555555555555555 0.31574074074074077 0.44907407407407407 0.30277777777777776
2 0.5703703703703704 0.2074074074074074 0.5509259259259259 0.22407407407407404 0.5472222222222223 0.2472222222222222 0.5509259259259259 0.2638888888888889 0.5574074074074075 0.27314814814814814 0.5740740740740741 0.287962962962963 0.6 0.2722222222222222 0.6231481481481481 0.24814814814814812 0.6222222222222222 0.23055555555555557 0.6083333333333333 0.21574074074074073 0.5962962962962963 0.2046296296296296
2 0.2722222222222222 0.0212962962962963 0.24814814814814812 0.03611111111111111 0.2518518518518518 0.05648148148148148 0.2462962962962963 0.075 0.25462962962962965 0.08425925925925926 0.2722222222222222 0.06481481481481481 0.29074074074074074 0.04166666666666666 0.28703703703703703 0.025
2 0.2074074074074074 0.054629629629629625 0.22592592592592592 0.05 0.2333333333333333 0.06388888888888888 0.22962962962962963 0.08148148148148149 0.22037037037037038 0.09166666666666666 0.20555555555555555 0.08611111111111111 0.2037037037037037 0.0712962962962963
2 0.1527777777777778 0.09537037037037037 0.15 0.10648148148148148 0.16296296296296298 0.1175925925925926 0.17777777777777778 0.12407407407407406 0.19444444444444448 0.11018518518518519 0.19907407407407407 0.08796296296296297 0.18703703703703703 0.07407407407407407 0.17777777777777778 0.0712962962962963
2 0.5388888888888889 0.3574074074074074 0.5388888888888889 0.3861111111111111 0.5407407407407407 0.4046296296296296 0.5555555555555556 0.40555555555555556 0.5648148148148148 0.41388888888888886 0.5777777777777777 0.4203703703703704 0.5796296296296296 0.399074074074074 0.5731481481481482 0.3805555555555556 0.5601851851851852 0.35833333333333334 0.549074074074074 0.3537037037037037
2 0.6194444444444445 0.3472222222222222 0.6046296296296296 0.36018518518518516 0.6 0.3768518518518518 0.6046296296296296 0.3861111111111111 0.6166666666666667 0.39166666666666666 0.6166666666666667 0.4 0.6194444444444445 0.41574074074074074 0.6240740740740741 0.42870370370370364 0.637962962962963 0.41574074074074074 0.649074074074074 0.399074074074074 0.6592592592592592 0.3861111111111111 0.6537037037037037 0.35 0.6398148148148148 0.3435185185185185
2 0.5796296296296296 0.4425925925925926 0.6 0.4472222222222222 0.6027777777777777 0.462037037037037 0.5944444444444444 0.47129629629629627 0.5805555555555556 0.475 0.5694444444444444 0.4638888888888889
2 0.6851851851851852 0.33055555555555555 0.6768518518518518 0.34444444444444444 0.6787037037037037 0.35462962962962963 0.6907407407407408 0.35462962962962963 0.7 0.3453703703703704 0.6944444444444444 0.33425925925925926
2 0.7240349675292643 0.29338910254798445 0.717135841717496 0.3060374998695599 0.7159859874155345 0.31926082434211595 0.717135841717496 0.3296095130597685 0.7194355503214189 0.33823342032447906 0.7355335105488785 0.34110805607938255 0.7504816164743766 0.33593371172055625 0.7562308879841837 0.3181109700401546 0.7527813250782994 0.30373779126563705 0.7424326363606467 0.29051446679308096 0.7309340933410329 0.2876398310381775
2 0.7516314707763379 0.2703920165087566 0.7663841014705028 0.2694606345241676 0.7798029011743922 0.2744165065656214 0.7895766627410642 0.29338910254798445 0.7849772455332186 0.3094870627754441 0.7740536296645852 0.31293662568132824 0.757380742286145 0.3140864799832897 0.7418577092096661 0.2870649038871968
2 0.6929889013763066 0.4221727843676611 0.6941387556782681 0.44861943331277326 0.7177107688684766 0.44919436046375394 0.7188606231704381 0.42964683733041015
2 0.6527440008076577 0.5423325589226272 0.6400956034860825 0.5480818304324343 0.638945749184121 0.5624550092069517 0.6435451663919665 0.5716538436226428 0.6538938551096191 0.5779780422834305 0.6676921067331559 0.5745284793775464 0.6780407954508085 0.5647547178108744 0.684939921262577 0.5509564661873377 0.6711416696390401 0.5440573403755693 0.6590681994684453 0.5423325589226272
2 0.7602553780410485 0.43712089029315926 0.7780781197214501 0.43769581744414 0.7884268084391028 0.427922055877468 0.7884268084391027 0.4152736585558928 0.7821026097783151 0.4049249698382401 0.7631300137959519 0.4049249698382401 0.7522063979273187 0.41239902280098917 0.7499066893233959 0.42159785721668036 0.7516314707763381 0.42964683733041015
2 0.8016501329116588 0.3606555792127263 0.7786530468724309 0.3756036851382245 0.7752034839665467 0.3871022281578385 0.7809527554763537 0.3980258440264718 0.7953259342508712 0.4077996055931436 0.8091241858744078 0.40664975129118225 0.829821563309713 0.3836526652519543 0.8217725831959832 0.3675547050244947 0.8114238944783306 0.3606555792127263
2 0.7907265170430255 0.4129739499519699 0.8022250600626396 0.41182409565000855 0.8062495501195044 0.41814829431079614 0.8068244772704851 0.42849698302844885 0.799350424307736 0.43654596314217853 0.7930262256469482 0.43367132738727515 0.7895766627410642 0.4279220558774681
2 0.8315463447626553 0.38767715530881913 0.8562682122548253 0.389976863912742 0.8654670466705163 0.3986007711774524 0.8654670466705163 0.4106742413480471 0.8625924109156129 0.42274771151864177 0.8505189407450182 0.431946545934333 0.8344209805175586 0.4342462545382558 0.8142985302332342 0.431946545934333 0.8056746229685237 0.431946545934333 0.8039498415155816 0.4100993141970664
2 0.7941760799489097 0.4802404266167117 0.8045247686665623 0.4744911551069047 0.8154483845351956 0.47794071801278887 0.8206227288940218 0.48656462527749944 0.8137236030822534 0.49863809544809407 0.7993504243077361 0.5049622941088818 0.7901515898920447 0.5009378040520169 0.7901682606421467 0.48968205554672034
2 0.8142985302332342 0.468166956446117 0.8229224374979447 0.4601179763323872 0.8355708348195201 0.4629926120872907 0.8395953248763849 0.47219144650298195 0.8355708348195201 0.4802404266167117 0.8252221461018675 0.48828940673044147 0.8194728745920605 0.492888823938287
2 0.7999253514587168 0.502662585504959 0.822347510346964 0.5331337245069361 0.8315463447626553 0.4859896981265188
2 0.7378332191528014 0.534858505959878 0.7527813250782994 0.5319838702049746 0.7700291396077202 0.5268095258461483 0.7648547952488941 0.5452071946775308 0.7539311793802607 0.5549809562442026 0.7430075635116276 0.5532561747912605 0.7384081463037819 0.5440573403755693
2 0.913760927352895 0.49173896963632574 0.9114612187489723 0.5089867841657467 0.9149107816548565 0.5210602543363413 0.9189352717117214 0.5308340159030133 0.9264093246744705 0.5239348900912448 0.9379078676940844 0.5199104000343799 0.9471067021097755 0.5107115656186888 0.9448069935058528 0.4974882411461327 0.935033231939181 0.4859896981265187 0.9246845432215284 0.48886433388142225
2 0.8620174837646323 0.5365832874128202 0.8608676294626708 0.5526812476402798 0.8786903711430725 0.5572806648481253 0.8861644241058215 0.5434824132245886 0.8752408082371883 0.5331337245069361
2 0.8022250600626396 0.5825774594912762 0.7970507157038133 0.5935010753599094 0.7999253514587167 0.6009751283226584 0.8154483845351956 0.6021249826246199 0.8188979474410797 0.5889016581520639 0.81084896732735 0.5797028237363726
2 0.7757784111175273 0.6124736713422725 0.7844023183822376 0.6193727971540409 0.7993504243077362 0.622822360059925 0.8119988216293114 0.6354707573815005 0.8045247686665623 0.6475442275520952 0.7941760799489097 0.6555932076658251 0.7775031925704694 0.6509937904579793 0.7706040667587011 0.6412200288913074 0.7688792853057589 0.6262719229658092 0.7665795767018362 0.6147733799461952
2 0.25675675675675674 0.40810810810810805 0.26036036036036037 0.4261261261261261 0.2855855855855856 0.4198198198198198 0.2945945945945946 0.4126126126126126 0.27837837837837837 0.38738738738738737
2 0.7288288288288288 0.1963963963963964 0.7441441441441441 0.2072072072072072 0.7702702702702703 0.2126126126126126 0.7630630630630632 0.1981981981981982 0.7792792792792792 0.1747747747747748 0.7657657657657657 0.15675675675675677 0.7306306306306305 0.1603603603603604 0.727027027027027 0.17387387387387387
2 0.7756756756756756 0.209009009009009 0.7864864864864864 0.2018018018018018 0.79009009009009 0.1891891891891892 0.7801801801801802 0.1801801801801802 0.766079841309199 0.18604016860897588 0.765367709859721 0.19805584653038458
2 0.8246005209097647 0.22945353314428948 0.8324324324324324 0.236036036036036 0.8479800862344281 0.2334495025766735 0.8546787583695145 0.22009601640526008 0.8474715511623073 0.20438833526116432 0.8297297297297297 0.20540540540540542 0.8215434943614216 0.2201149822207748
2 0.7986594161159981 0.19926504426383354 0.8134069332074932 0.2140125613553286 0.8235776346499037 0.21299549121108755 0.8378166166692782 0.20180771962443608 0.8286629853711088 0.18909434282142315 0.8184922839286983 0.17231268544144596 0.8067959772699264 0.17434682572992805 0.7986594161159981 0.18350045702809742
2 0.7843811294208998 0.10018140920774242 0.783700606227236 0.09226364071815236 0.7782787085554532 0.08238268168352424 0.7696336123294045 0.07577172574595747 0.7523434198773067 0.06712662951990862 0.7391215080021731 0.07119491009687277 0.7320020169924859 0.08085707646716267 0.7335276222088476 0.09102777790957305 0.7426812535070169 0.09763873384713982 0.7548860952379093 0.10068994427986294 0.7650567966803198 0.10272408456834502 0.773193357834248 0.10628383007318867 0.7796455990040834 0.10692516729790177
2 0.7081008686028214 0.044751086346605747 0.7019984477373753 0.06204127879870343 0.7055581932422189 0.07017783995263174 0.7142032894682677 0.07526319067383695 0.7203057103337138 0.07933147125080112 0.72640813119916 0.08645096226048837 0.7326196282115788 0.07383367634885582 0.7452239288676193 0.06509248923142655 0.7375959027858116 0.05593885793325719 0.7325105520646064 0.04881936692356991 0.7274252013434014 0.042208410986003156 0.7203057103337138 0.04017427069752108 0.7152203596125087 0.04017427069752108
2 0.6928448164392058 0.013730446947254038 0.6903021410786032 0.02593528867814652 0.6943704216555675 0.035597455048436394 0.7025069828094958 0.040682805769641596 0.7050496581700983 0.044751086346605747 0.7177630349731113 0.037631595336918476 0.7162374297567499 0.028477964038749116 0.7172544999009909 0.016273122307856637 0.7111520790355447 0.010170701442410399 0.7009813775931342 0.010170701442410399
2 0.8001457166566357 0.0488193669235699 0.7960774360796714 0.06560102430354707 0.7950603659354303 0.07729733096231903 0.8021798569451177 0.08899363762109097 0.812350558387528 0.09306191819805515 0.8240468650463 0.08543389211624733 0.8286236806953846 0.07526319067383697 0.8306578209838666 0.06204127879870343 0.8291322157675053 0.049327901995690426 0.8204871195414563 0.044751086346605747 0.8108249531711665 0.04424255127448523
2 0.8052310673778408 0.011696306658771957 0.7960774360796714 0.022884078245423396 0.798620111440274 0.033054779687833796 0.8067566725942024 0.039157200553280036 0.8174359091087333 0.03508891997631587 0.8189615143250948 0.02135847302906184 0.8150294651619461 0.013242439896393461
2 0.8820198632680394 0.22731517723787242 0.8769345125468341 0.23697734360816228 0.8799857229795571 0.24460536968997007 0.885579608772883 0.25375900098813947 0.8891393542777266 0.2593528867814652 0.8860881438450035 0.2685065180796345 0.8881222841334855 0.2761345441614423 0.8932076348546907 0.27867721952204494 0.9049039415134628 0.27460893894508076 0.9099892922346678 0.26901505315175506 0.9135490377395115 0.2624040972141883 0.9176173183164757 0.25579314127662156 0.9227026690376807 0.2522333957717779 0.923719739181922 0.23901148389664434 0.9282965548310065 0.23240052795907762 0.9196514586049578 0.2268066421657519 0.9094807571625474 0.22273836158878774 0.8988015206480164 0.2217212914445467 0.888630819205606 0.2217212914445467 0.8830369334122804 0.22273836158878774
2 0.9115148974510295 0.18917504682883332 0.9135490377395115 0.19782014305488224 0.9171087832443551 0.20544816913669003 0.927788019758886 0.21002498478577472 0.9410099316340195 0.2095164497136542 0.9460952823552247 0.20239695870396696 0.9410099316340195 0.19782014305488224 0.9399928614897785 0.18714090654035132 0.9359245809128144 0.17798727524218197 0.9252453443982838 0.17798727524218197 0.9171087832443551 0.18052995060278454 0.913040502667391 0.18307262596338716
2 0.8469309432917234 0.1403556799052635 0.8454053380753619 0.15459466192463805 0.8474394783638439 0.16425682829492794 0.8586272499504953 0.16781657379977158 0.8698150215371468 0.16832510887189212 0.8810027931237983 0.16781657379977158 0.8881222841334855 0.16222268800644588 0.8881222841334855 0.15205198656403546 0.8876137490613651 0.13832153961678142 0.8830369334122804 0.12865937324649154 0.8779515826910752 0.1250996277416479 0.871849161825629 0.12459109266952736 0.8642211357438211 0.12611669788588895 0.8596443200947363 0.12713376803012996 0.8545589693735313 0.1296764433907326 0.850490688796567 0.1327276538234557
2 0.9318563003358503 0.29291620154141945 0.9171087832443553 0.2786772195220449 0.9120234325231499 0.2715577285123576 0.9221941339655602 0.25375900098813947 0.9333819055522118 0.24918218533905473 0.9476208875715865 0.24714804505057267 0.9649110800236841 0.2512163256275368 0.9740647113218533 0.256301676348742 0.9740647113218533 0.2654553076469114 0.9669452203121661 0.2735918688008397 0.9628769397352019 0.280711359810527 0.9577915890139969 0.28783085082021426 0.9506720980043093 0.29037352618081685 0.9435526069946222 0.29139059632505787 0.9374501861291761 0.29240766646929894
2 0.9206685287491985 0.21663594072334147 0.9542318435091532 0.21561887057910045 0.9633854748073225 0.23799441375240332 0.9466038174273451 0.25223339577177784 0.9206685287491987 0.25731874649298303 0.9115666713837107 0.23552192083388068
2 0.920159993677078 0.06254981387082394 0.9155831780279936 0.07119491009687279 0.9176173183164757 0.07933147125080112 0.9288050899031272 0.08594242718836785 0.9430440719225017 0.08441682197200631 0.9511806330764299 0.07780586603443955 0.9527062382927916 0.06509248923142655 0.9496550278600684 0.054921787789016144 0.9405013965618988 0.051362042284172495 0.9323648354079708 0.05543032286113667 0.9257538794704039 0.05848153329385978
2 0.9110063623789091 0.04627669156296731 0.9089722220904269 0.0559388579332572 0.9104978273067884 0.062041278798703435 0.9176173183164757 0.06509248923142655 0.9349075107685734 0.05543032286113668 0.9338904406243325 0.04475108634660575 0.9288050899031272 0.039157200553280036 0.9216855988934399 0.03966573562540056 0.9171087832443553 0.04017427069752108 0.9140575728116321 0.042208410986003156
2 0.9994914649278794 0.037123060264797954 0.9898292985575898 0.039157200553280036 0.9786415269709383 0.044751086346605747 0.9760988516103357 0.05085350721205199 0.9755903165382152 0.061532743726582906 0.9776244568266972 0.06610955937566759 0.9827098075479023 0.07119491009687279 0.9877951582691077 0.07475465560171643 0.9959317194230359 0.07475465560171643 1.0000000000000002 0.07424612052959591 1.0000000000000002 0.04576815649084679
2 1.0 0.08645096226048839 0.9877951582691076 0.0895021726932115 0.9847439478363846 0.09967287413562188 0.9867780881248664 0.10780943528955021 0.9908463687018305 0.11187771586651438 0.996440254495156 0.11289478601075541 1.0 0.11187771586651435
2 1.0 0.1250996277416479 0.991354903773951 0.12865937324649154 0.9898292985575895 0.13984714483314298 0.9811842023315407 0.14493249555434817 0.9771159217545766 0.1530690567082765 0.9796585971151789 0.16171415293432534 0.9827098075479025 0.16781657379977158 0.9969487895672767 0.16832510887189212 1.0 0.16934217901613313
2 0.8494736186523261 0.48514245880297596 0.8459138731474825 0.5024326512550736 0.8596443200947363 0.5054838616877968 0.8723576968977494 0.5014155811108326 0.8708320916813878 0.4932790199569043 0.8626955305274595 0.48412538865873495
2 0.8947332400710524 0.319868560363807 0.8845625386286419 0.33563314759954316 0.8891393542777266 0.35343187512376134 0.8967673803595343 0.3610599012055691 0.9084636870183063 0.35495748034012287 0.9145661078837525 0.35495748034012287 0.9196514586049578 0.3620769713498102 0.9308392301916093 0.3529233400516408 0.9338904406243322 0.33359900731106107 0.9262624145425246 0.3208856305080481 0.914057572811632 0.3178344200753249 0.9023612661528602 0.3168173499310839
2 0.8693064864650263 0.36767085714313585 0.8850710737007624 0.36411111163829224 0.8982929855758958 0.3686879272873769 0.9038868713692216 0.3788586287297873 0.9064295467298242 0.3885207951000772 0.9023612661528602 0.39360614582128245 0.8830369334122804 0.39309761074916194 0.871849161825629 0.3885207951000772 0.8682894163207853 0.3793671638019078
2 0.9984743947836382 0.36512818178253326 0.9847439478363843 0.36716232207101535 0.9776244568266971 0.3722476727922206 0.9760988516103353 0.38140130409038986 0.9766073866824562 0.3890293301721977 0.9786415269709381 0.39309761074916194 0.9842354127642637 0.39818296147036714 0.9908463687018305 0.39970856668672866 1.0 0.40225124204733126
2 1.0 0.3208856305080479 0.9715220359612509 0.3325819371668201 0.9684708255285276 0.3427526386092304 0.9735561762497328 0.35546601541224343 0.9837268776921433 0.36156843627768964 0.9989829298557589 0.36411111163829224
2 0.8377773119935541 0.3102063939935172 0.850490688796567 0.31071492906563764 0.8596443200947363 0.3117319992098787 0.8657467409601829 0.28884792096445533 0.8469309432917234 0.27867721952204494 0.8387943821377949 0.2842711053153706 0.8372687769214336 0.29545887690202205
2 0.822012724757818 0.3142746745704813 0.8362517067771924 0.3112234641377582 0.8357431717050718 0.2908820612529374 0.8199785844693358 0.2908820612529374 0.8128590934596484 0.29545887690202205 0.8113334882432869 0.305121043272312 0.8159103038923716 0.3127490693541197
2 0.9379587212012965 0.40377684726369284 0.9354160458406939 0.42157557478791097 0.938467256273417 0.42666092550911616 0.9460952823552247 0.4271694605812367 0.9542318435091532 0.42615239043699576 0.9654196150958047 0.4251353202927547 0.9644025449515635 0.4149646188503443 0.9577915890139966 0.4058109875521749 0.9527062382927916 0.40275977711945177 0.9460952823552247 0.40174270697521075
2 0.888630819205606 0.4322548113024419 0.8891393542777266 0.44649379332181655 0.8942247049989317 0.45259621418726276 0.9094807571625474 0.45056207389878067 0.9186343884607165 0.4373401620236471 0.9059210116577038 0.4281865307254778 0.8962588452874138 0.4281865307254778
2 0.8621844985481347 0.4632722128589897 0.864215079091112 0.472071395211891 0.8635382189101195 0.47951685720280746 0.8716605410820286 0.4829011581077695 0.8831671641588994 0.48493173865074674 0.887228325244854 0.4781631368408226 0.8858746048828691 0.46665651376395173 0.8777522827109601 0.4632722128589897 0.8709836809010361 0.4612416323160124
2 0.9287469287469289 0.5656019656019654 0.9180999180999181 0.5688779688779688 0.9164619164619165 0.577067977067977 0.9164619164619165 0.5852579852579851 0.9197379197379199 0.5909909909909908 0.9295659295659298 0.5934479934479934 0.9385749385749387 0.5918099918099917 0.9426699426699428 0.5819819819819819 0.9418509418509419 0.5696969696969696
2 0.8771498771498772 0.6196560196560195 0.882882882882883 0.6425880425880425 0.9041769041769042 0.6434070434070432 0.9082719082719083 0.627027027027027 0.9025389025389026 0.6163800163800163
2 0.8402948402948404 0.6778050778050776 0.8353808353808355 0.7048321048321047 0.8411138411138412 0.7162981162981161 0.8665028665028666 0.7130221130221127 0.8804258804258805 0.7048321048321047 0.8771498771498772 0.6917280917280916 0.8714168714168715 0.6835380835380833 0.8550368550368552 0.6802620802620801
2 0.9147222246657709 0.7161453443761041 0.9207823316410904 0.7247007895177316 0.927198915497311 0.7238095973154788 0.9334372609130811 0.7198883516255661 0.9400320832097522 0.7161453443761041 0.9387844141265981 0.710798191162587 0.9332590224726305 0.7043816073063663 0.9263077232950582 0.7006386000569045 0.9200693778792881 0.7042033688659158 0.9157916553084743 0.7095505220794329
2 0.9121759930447862 0.614709117099664 0.9250419303694354 0.6119121742030013 0.9261607075281006 0.5996056254576846 0.914972935941449 0.5962492939816891 0.9054633300927953 0.5984868482990194 0.904903941513463 0.6063182884096755
2 0.9351109247974216 0.6230999457896526 0.9446205306460754 0.6141497285203315 0.9563676908120594 0.6152685056789966 0.954130136494729 0.6242187229483177 0.9485362507014033 0.6320501630589738 0.9401454220114148 0.634287717376304 0.9345515362180892 0.6309313859003085
2 0.9574864679707246 0.5956899054023567 0.9474174735427385 0.6074370655683407 0.9487380712900074 0.6168299860642781 0.9602834108673874 0.6203030028929897 0.9669960738193784 0.6074370655683405 0.9653179080813804 0.5962492939816891
2 0.9530113593360638 0.7001677214777415 0.9703524052953738 0.6900987270497552 0.9888122284133486 0.7012864986364066 0.9893716169926811 0.720305710333714 0.9759462910886996 0.72813715044437 0.9558083022327268 0.7253402075477071
2 0.8886816727128182 0.9490956392807359 0.8993100557201372 0.9641991309227153 0.9155323245207816 0.9574864679707246 0.9172104902587792 0.9440611420667427 0.906022718672128 0.9328733704800912 0.8920380041888137 0.9362297019560866 0.8870035069748206 0.9429423649080775
2 0.9205668217347749 0.9093790501481233 0.9373484791147519 0.8858847298161553 0.9546895250740617 0.8875628955541529 0.9569270793913919 0.907141495830793 0.9485362507014033 0.9194480445761095 0.9306358161627611 0.9211262103141074
2 0.9658772966607131 0.8478463064215405 0.9720305710333713 0.8344209805175586 0.9854558969373531 0.8316240376208959 0.9977624456826696 0.8288270947242329 0.9977624456826696 0.8746969582295037 0.9793026225646948 0.8713406267535083 0.9669960738193786 0.8713406267535083
3 0.4573643221350971 1.0 0.46770025839793283 0.9741602067183464 0.458656330749354 0.9392764857881137 0.43798449612403106 0.8953488372093024 0.38888888888888895 0.8656330749354005 0.33979324375339837 0.8695090628778227 0.20413435429161508 0.9974160459387336
2 0.9005507489871101 0.4541995518366769 0.9124846751822092 0.47674141425728694 0.9343635162679393 0.4714374412038904 0.9277335334823897 0.4283427573109855
2 0.16365370197385143 0.1909293116628341 0.18691821591753224 0.17247809746880352 0.17408255330290648 0.13477356471265667 0.14520247582346932 0.14199367973332827 0.1403891681029181 0.1652582574442172
