2 0.6924554455445546 0.4264950495049506 0.6801403322626963 0.43139458069278097 0.6481287128712873 0.4360792079207922 0.6349504950495051 0.404930693069307 0.6565148514851487 0.38216831683168323 0.6936534653465348 0.38935643564356437 0.695745090082779 0.4123643077422498
2 0.4863960396039605 0.1928811881188119 0.4899900990099011 0.2204356435643565 0.5175445544554457 0.2180396039603961 0.5271287128712873 0.18329702970297035
2 0.3713861386138615 0.09823762376237627 0.38216831683168323 0.12938613861386142 0.4252970297029704 0.11021782178217825 0.41092079207920806 0.08146534653465348
2 0.5882277227722773 0.138970297029703 0.5930198019801981 0.16532673267326736 0.6193762376237625 0.16293069306930696 0.6205742574257427 0.1365742574257426
2 0.7667326732673269 0.11860396039603963 0.7607425742574259 0.14615841584158418 0.7954851485148516 0.15095049504950497 0.8050693069306932 0.11500990099009903
2 0.08985148514851488 0.3450297029702971 0.10422772277227725 0.37737623762376243 0.13298019801980202 0.3701881188118813 0.1365742574257426 0.3342475247524753 0.10901980198019805 0.32346534653465353
2 0.0011980198019801982 0.12579207920792082 0.04792079207920793 0.11261386138613866 0.05391089108910893 0.03474257425742575 0.0011980198019801982 0.03474257425742575
2 0.032346534653465354 0.11980198019801983 0.04312871287128714 0.1437623762376238 0.08386138613861388 0.1401683168316832 0.09224752475247527 0.09464356435643566 0.05151485148514853 0.09224752475247527
2 0.07906930693069308 0.08625742574257428 0.08026732673267328 0.026356435643564362 0.032346534653465354 0.023960396039603964 0.03594059405940595 0.08745544554455448
2 0.12100000000000004 0.09464356435643566 0.12219801980198022 0.1413663366336634 0.19168316831683171 0.1365742574257426 0.1928811881188119 0.08985148514851488
2 0.08745544554455448 0.004792079207920793 0.09224752475247527 0.05031683168316833 0.16173267326732677 0.046722772277227737 0.16412871287128716 0.0
2 0.2228316831683169 0.0 0.22402970297029706 0.033544554455445554 0.2096534653465347 0.04073267326732674 0.21444554455445547 0.06469306930693071 0.24319801980198025 0.07667326732673269 0.26476237623762383 0.06469306930693071 0.2695544554455446 0.04792079207920793 0.26715841584158423 0.0
2 0.26116831683168323 0.10782178217821786 0.25757425742574264 0.12459405940594062 0.23720792079207925 0.13298019801980202 0.24439603960396045 0.15095049504950497 0.25757425742574264 0.14975247524752477 0.25517821782178224 0.17970297029702975 0.277940594059406 0.18689108910891095 0.29830693069306935 0.18329702970297035 0.30789108910891094 0.15095049504950497 0.30789108910891094 0.10422772277227725
2 0.15813861386138617 0.25278217821782184 0.17011881188118816 0.24679207920792084 0.17371287128712876 0.23720792079207925 0.18808910891089112 0.23840594059405945 0.21444554455445547 0.2216336633663367 0.24080198019801982 0.24319801980198025 0.25398019801980204 0.2767425742574258 0.24439603960396045 0.29231683168316835 0.22522772277227732 0.28992079207920796 0.1988712871287129 0.2827326732673268 0.18090099009900995 0.2695544554455446 0.17011881188118816 0.26356435643564363
2 0.4432673267326734 0.2767425742574258 0.4444653465346536 0.25038613861386144 0.4612376237623763 0.24080198019801982 0.4851980198019803 0.22882178217821786 0.5043663366336635 0.24559405940594065 0.5151485148514853 0.30429702970297035 0.5199405940594061 0.3402376237623763 0.4899900990099011 0.3354455445544555 0.4768118811881189 0.32106930693069313 0.46363366336633677 0.31148514851485154 0.4468613861386139 0.31867326732673273
2 0.5415049504950497 0.3857623762376238 0.549891089108911 0.3618019801980199 0.5714554455445546 0.3450297029702971 0.5894257425742575 0.3594059405940595 0.5858316831683169 0.39055445544554457 0.5633184258498054 0.39424020445365804
2 0.6073960396039605 0.3857623762376238 0.6097920792079209 0.3510198019801981 0.6337524752475249 0.32346534653465353 0.6625049504950496 0.30789108910891094 0.66490099009901 0.35581188118811885 0.6505247524752477 0.3881584158415842
2 0.7056336633663368 0.2875247524752476 0.6744851485148515 0.3402376237623763 0.7140198019801983 0.3522178217821783 0.7499603960396041 0.3330495049504951
2 0.7511584158415843 0.31627722772277234 0.7823069306930693 0.30190099009900995 0.8182475247524753 0.28992079207920796 0.8422079207920794 0.30070297029702975 0.8350198019801982 0.3282574257425743 0.8230396039603963 0.3725841584158417 0.8086633663366338 0.37857425742574263 0.7882970297029704 0.3725841584158417 0.7655346534653467 0.3474257425742575
2 0.736782178217822 0.3462277227722773 0.7691287128712873 0.3354455445544555 0.773920792079208 0.3713861386138615 0.7559504950495051 0.37977227722772283 0.7391782178217824 0.3713861386138615
2 0.8254356435643566 0.3618019801980199 0.8529900990099012 0.38216831683168323 0.8853366336633666 0.3641980198019803 0.8829405940594062 0.3282574257425743 0.839811881188119 0.31268316831683174
2 0.9116930693069308 0.4001386138613862 0.9200792079207922 0.3641980198019803 0.9069009900990102 0.3306534653465347 0.9260693069306931 0.31627722772277234 0.9512277227722774 0.3402376237623763 0.9919603960396042 0.3462277227722773 0.996752475247525 0.4025346534653466 0.9955544554455448 0.4324851485148516 0.9584158415841586 0.404930693069307
2 0.8902108532283701 0.20792695340951262 0.9116930693069308 0.16412871287128716 0.954821782178218 0.18808910891089112 0.9883663366336636 0.2264257425742575 0.9919603960396042 0.24679207920792084 0.9184348363408532 0.24378540711183572
2 0.8805445544554458 0.04312871287128714 0.8829405940594062 0.07547524752475249 0.8997128712871291 0.08386138613861388 0.942841584158416 0.07667326732673269 0.9308613861386141 0.057504950495049514 0.9308613861386141 0.04073267326732674 0.9176831683168318 0.031148514851485155 0.8973168316831687 0.032346534653465354
2 0.5954158415841585 0.023960396039603964 0.6002079207920793 0.04792079207920793 0.5942178217821783 0.06349504950495051 0.6193762376237625 0.07787128712871288 0.6337524752475249 0.06109900990099011 0.6313564356435645 0.028752475247524757 0.6145841584158417 0.016772277227722777
2 0.67326240239624 0.08545352861903224 0.688631742075922 0.06516600024185192 0.7212147421968481 0.06762509459060105 0.7347397611149684 0.0799205663343467 0.7132226855634134 0.10512628340902527 0.6910908364246713 0.1143478872168345
2 0.6830987797912366 0.10820015134496166 0.6855578741399857 0.13463541559401482 0.7064601761043534 0.14078315146588763 0.7273624780687209 0.15000475527369686 0.7581011574280849 0.12971722689651655 0.7642488932999579 0.11065924569371081 0.7525681951433996 0.08668307579340678 0.7298215724174701 0.08668307579340682
2 0.8078247524752478 1.0 0.8262742574257428 0.960692079207921 0.8302277227722774 0.9053435643564357 0.7841039603960398 0.8592198019801982 0.7340267326732675 0.8934831683168319 0.6905386138613863 0.8579019801980201 0.6655000000000002 0.864491089108911 0.6826316831683169 0.918521782178218 0.6760425742574259 0.948831683168317 0.6444148514851488 0.9672811881188121 0.6444148514851488 1.0
2 0.9106148514851488 0.9541029702970298 0.8987544554455448 0.918521782178218 0.8460415841584159 0.906661386138614 0.8183673267326735 0.9409247524752478 0.8236386138613864 0.9738702970297033 0.8460415841584159 0.9817772277227725 0.8434059405940596 1.0 0.9620099009900991 1.0 0.9620099009900991 0.9554207920792082
2 0.8117782178217824 0.8381346534653467 0.815731683168317 0.8170495049504951 0.8579019801980201 0.7986000000000001 0.8868940594059409 0.8117782178217824 0.8868940594059409 0.8381346534653467 0.8552663366336636 0.8723980198019804 0.8249564356435646 0.8723980198019804
2 0.12782871287128716 1.0 0.10937920792079209 0.9765059405940596 0.13573564356435647 0.9317000000000002 0.1594564356435644 0.9409247524752478 0.22007623762376238 0.9409247524752478 0.23589009900990102 0.9712346534653468 0.2279831683168317 1.0
2 0.07775148514851488 0.918521782178218 0.10410792079207923 0.9224752475247527 0.11728613861386142 0.8987544554455448 0.08961188118811883 0.8855762376237625
2 0.23804771805618322 0.9728561221075325 0.2572207684987375 0.9672811881188124 0.2529636562921956 0.9376818151908768 0.22630357378862384 0.9407503748171807 0.22459226317909028 0.9597124980970959
2 0.28632673267326725 0.9679999999999996 0.3078910891089108 0.9596138613861381 0.32945544554455436 0.9104950495049502 0.38696039603960386 0.9380495049504948 0.4013366336633662 0.9727920792079204 0.4252970297029702 1.0 0.30309900990099 1.0
2 0.4049306930693068 0.9296633663366333 0.4085247524752474 0.9608118811881183 0.44686138613861376 0.9656039603960394 0.4552475247524751 0.945237623762376 0.4372772277227721 0.9236732673267324
2 0.46246717093675066 0.9748415841584158 0.46486321054071106 0.9976039603960395 0.500803804600117 0.9999999999999999 0.5091899432139784 0.9832277227722771 0.4984077649961566 0.9664554455445544 0.47684340856051305 0.9640594059405939
2 0.5603207876282469 0.901636226050035 0.5529435045819996 0.9348339997581481 0.5713867121976179 0.9514328866122047 0.5941333349235475 0.940981735630021 0.6045844859057312 0.9231533016015896 0.5941333349235475 0.8979475845269113 0.5763049008951163 0.8881112071319147
2 0.6144208633007276 0.947744245089081 0.617494731236664 0.92991581106065 0.6439299954857173 0.9096282826834695 0.6703652597347705 0.9194646600784661 0.6740539012578941 0.9489737922634557 0.6402413539625936 0.9723351885765723 0.6211526706305827 0.9649286654072715
2 0.5148275421763882 0.9926227169537526 0.5418775800126284 0.9963113584768764 0.5541730517563741 0.9754090565125086 0.5394184856638793 0.9532772073737665 0.5123684478276389 0.9532772073737665 0.5092945798917026 0.9680317734662612
2 0.5992979464461214 0.8907369507571508 0.5992979464461214 0.8539524424947471 0.6343473363942606 0.85187030051763 0.6628032767481955 0.8789381462201533 0.6527395905254623 0.9073940865740882 0.6340003127314078 0.9129464651797341
2 0.7405940594059408 0.8514851485148516 0.7445544554455447 0.8316831683168318 0.7653465346534654 0.8 0.810891089108911 0.804950495049505 0.8099009900990101 0.8445544554455446 0.793069306930693 0.8594059405940594 0.7643564356435644 0.8633663366336635
2 0.6970297029702972 0.8564356435643564 0.7198019801980199 0.8633663366336635 0.7356435643564357 0.8574257425742576 0.7376237623762375 0.8287128712871288 0.7158415841584158 0.805940594059406 0.6940594059405941 0.810891089108911 0.6871287128712875 0.8336633663366338
2 0.802970297029703 0.7881188118811882 0.8247524752475247 0.7821782178217822 0.8188118811881189 0.7554455445544555 0.7891089108910891 0.7564356435643564 0.7841584158415842 0.7702970297029704
2 0.8683168316831683 0.7801980198019802 0.886138613861386 0.7564356435643564 0.9118811881188118 0.7702970297029704 0.9118811881188118 0.7871287128712872 0.886138613861386 0.7990099009900992
2 0.8762376237623762 0.8643564356435643 0.918811881188119 0.8603960396039604 0.9594059405940594 0.8752475247524754 0.9435643564356435 0.9029702970297029 0.910891089108911 0.9178217821782177 0.8722772277227723 0.905940594059406
2 0.7792079207920792 0.4178217821782181 0.7900990099009902 0.4000000000000002 0.8148514851485149 0.39207920792079226 0.8396039603960397 0.40891089108910916 0.8356435643564357 0.42772277227722794 0.8138613861386139 0.43762376237623785 0.7871287128712872 0.42970297029703
2 0.9306930693069306 0.4960396039603963 0.9277227722772278 0.5306930693069309 0.9455445544554455 0.5386138613861388 0.9871287128712871 0.5346534653465349 0.9811881188118812 0.5099009900990101 0.9613861386138614 0.4900990099009903
2 0.9 0.49504950495049527 0.903960396039604 0.4574257425742576 0.9277227722772278 0.4534653465346537 0.9435643564356435 0.47920792079207947 0.9237623762376238 0.5069306930693072
2 0.9594059405940594 0.4831683168316834 0.9841584158415843 0.46633663366336653 0.9990099009900991 0.46831683168316857 1.0 0.5099009900990101 0.9871287128712872 0.5079207920792081 0.9694938478943701 0.5006619398632562
2 0.2069306930693068 0.3029702970297028 0.20792079207920777 0.3297029702970295 0.22871287128712858 0.3524752475247523 0.27128712871287114 0.3425742574257423 0.27227722772277213 0.3108910891089107 0.2564356435643563 0.28811881188118793 0.21980198019801966 0.2920792079207919
2 0.23465346534653453 0.35643564356435625 0.23564356435643552 0.37128712871287106 0.25742574257425727 0.3811881188118809 0.2782178217821781 0.37425742574257403 0.2752475247524751 0.3495049504950493 0.2564356435643563 0.3445544554455443
2 0.1316831683168316 0.32574257425742553 0.1128712871287128 0.30891089108910874 0.11881188118811875 0.27920792079207907 0.1613861386138613 0.2752475247524751 0.1801980198019801 0.2910891089108909 0.1772277227722771 0.31683168316831667
2 0.009900990099009896 0.34455445544554436 0.03663366336633661 0.3485148514851483 0.05049504950495046 0.32673267326732647 0.0475247524752475 0.3019801980198018 0.02079207920792078 0.29801980198019784 0.003960396039603958 0.3108910891089107
2 0.025742574257425724 0.23366336633663354 0.05247524752475244 0.24158415841584144 0.07227722772277223 0.22178217821782165 0.0663366336633663 0.19801980198019792 0.040594059405940575 0.188118811881188 0.0188118811881188 0.2039603960396038
2 0.07425742574257421 0.21683168316831672 0.10990099009900983 0.2158415841584157 0.13564356435643557 0.18514851485148504 0.13564356435643557 0.15841584158415833 0.05247524752475244 0.1613861386138613 0.04851485148514849 0.1772277227722771 0.05049504950495046 0.18712871287128702
2 0.12574257425742566 0.24851485148514837 0.17425742574257416 0.20198019801980183 0.14950495049504942 0.19306930693069296 0.12289808088933507 0.2011400956833617 0.11386138613861378 0.2267326732673266
2 0.12871287128712863 0.24851485148514837 0.14226230842262302 0.2628645056286449 0.16831683168316822 0.2643564356435642 0.18217821782178206 0.22871287128712858 0.17425742574257416 0.2059405940594058
2 0.17821782178217813 0.20990099009900975 0.2059405940594058 0.2188118811881187 0.22079207920792066 0.188118811881188 0.20198019801980183 0.1623762376237623 0.16534653465346522 0.17524752475247513
2 0.06336633663366333 0.24059405940594045 0.08613861386138609 0.25940594059405925 0.10594059405940587 0.2445544554455444 0.094059405940594 0.22178217821782165 0.0762376237623762 0.21782178217821768
0 0.0 0.6948296641205554 1.0 0.6809583377349309 1.0 0.5926861469465313 0.0 0.6065574853675278
2 0.33100561641787857 0.2701432933991073 0.3299378563649176 0.2872274542464817 0.34275097700044843 0.2979050547760907 0.3587673777948619 0.30431161509385607 0.37371600730199556 0.3064471290838056 0.3865291167032072 0.3000405443021509 0.3929356882552916 0.2893629743524035 0.39400344830825257 0.27334657355799 0.3908001793836889 0.25519465265765473 0.379054818801119 0.24344929207508487 0.3609028979007837 0.24024601191620218 0.34275097700044843 0.24238153202212398 0.33207337647083945 0.25305913255173296
2 0.316056975676426 0.2381104918102804 0.2925662545112862 0.25305913255173296 0.2968372947231298 0.2701432933991073 0.3128536955175433 0.2797531338757554 0.3320734101737965 0.2712110351041513 0.3342088965767612 0.24558481218100667
2 0.24344929207508487 0.24344929207508487 0.27121105345206825 0.24665257223396753 0.2754820936639118 0.2220940910158669 0.24344929207508487 0.2178230508040233
2 0.273346554834125 0.2381104979262527 0.3000405711372395 0.23917825797921363 0.31712473198461383 0.23597497782033092 0.31712473198461383 0.21675529686703474 0.29683729097835676 0.20714545639038665 0.2722787910363911 0.21141649660223027
2 0.39507121959553243 0.294701774617208 0.41642642065475044 0.2914984944583253 0.431375061396203 0.27227881350502914 0.4132231404958677 0.24558481218100667 0.39720673970145426 0.24558481218100667 0.3886646592777671 0.24985585239285027 0.38037880007428737 0.27514041656293664
2 0.3779870587481581 0.17618040873854826 0.3662416981655882 0.18899352937407904 0.3641061780596664 0.20287441006257073 0.3758515386422363 0.2135520105921797 0.4014777799132979 0.2156875306981015 0.411087620389946 0.2071454502744143 0.4132231404958677 0.1911290494800008 0.40681658017810235 0.17404488863262646 0.3918679394366498 0.16870608836782197
2 0.33207337647083945 0.158028487838213 0.33100561641787857 0.17404488863262646 0.34275097700044843 0.18258696905631366 0.3587673777948619 0.18258696905631366 0.3737160185363145 0.17511264868558732 0.37264825848335353 0.15482520767933028 0.3544963375830183 0.14307984709676042 0.33741217673564394 0.147350887308604
2 0.5563029875926281 0.19219680953296173 0.5563029875926281 0.21034873043329705 0.5509641873278236 0.23704273175731946 0.5530997074337455 0.26373673308134193 0.5808614688107288 0.27334657355799 0.6118265103465949 0.26160121297542016 0.6235718709291648 0.2327716915454759 0.6118265103465949 0.2156875306981015 0.6000811497640249 0.20821321032737522 0.5915390693403378 0.19219680953296173 0.578725948704807 0.18258696905631366 0.5669805881222372 0.18579024921519635
2 0.42496850107843764 0.3619706579537446 0.442052661925812 0.3737160185363145 0.4655433830909518 0.3715804984303927 0.4655433830909518 0.34702201721229203 0.4388493817669293 0.33741217673564394 0.42603626113139853 0.3491575373182138
2 0.46020458282614723 0.05232024259508403 0.46234010293206906 0.08114976402502828 0.47728874367352164 0.10250496508424627 0.5082537852093877 0.11425032566681616 0.5253379460567621 0.09823392487240266 0.5189313857389967 0.06299784312469302 0.4965084246268178 0.04271040211843594 0.4740854635146389 0.04057488201251414
2 0.5125248254212313 0.12706344630234692 0.5146603455271531 0.14307984709676042 0.5360155465863711 0.1452153672026822 0.5541674674867063 0.13347000662011232 0.547760907168941 0.10891152540201166 0.5328122664274884 0.10677600529608985 0.5210669058449184 0.11531808571977704
2 0.45059474234949914 0.1462831272556431 0.4537980225083819 0.16977384842078286 0.46020458282614723 0.18258696905631366 0.48262754393832613 0.17831592884447006 0.5029149849445832 0.16763832831486106 0.4986439447327396 0.14307984709676042 0.4858308240972089 0.13133448651419052 0.4698144233027953 0.136673286778995
2 0.6235718709291648 0.15696072778525208 0.631046191299891 0.17084160847374377 0.6641467529416789 0.17938368889743095 0.6817365764366058 0.1816455684109121 0.6884803951976163 0.16331107836247663 0.6406560317765391 0.1420120870437995 0.6235718709291648 0.11425032566681616 0.6086232301877121 0.12172464603754243 0.6118265103465949 0.13347000662011232
2 0.5862002690755332 0.16763832831486106 0.5936745894462596 0.18258696905631366 0.6118265103465949 0.19753560979776622 0.6257073910350865 0.2167552907510624 0.6438593119354218 0.2167552907510624 0.6545369124650307 0.2071454502744143 0.6459948320413438 0.18899352937407904 0.631046191299891 0.18579024921519635 0.621436350823243 0.17831592884447006 0.6118265103465949 0.17190936852670466
2 0.7814893008579247 0.26496751174501837 0.7897501954143774 0.29699317682691667 0.8153002933402094 0.2895505324324329 0.8113695090439275 0.26098191214470284
2 0.7916278173131995 0.2125516589573273 0.7925334818047418 0.2533067837953331 0.8233262274956133 0.2560237907680571 0.8251375654774293 0.2098346722317496
2 0.7148286314776955 0.21576397220490343 0.7098474520277016 0.25063222835486104 0.7467081799576567 0.2566096436948538 0.7501950055726525 0.21526585425990402
2 0.6932740010409786 0.16821443002629555 0.6795757575534952 0.19232333856426626 0.7042325958309654 0.20766537127024762 0.7212184177554445 0.19013161960626893
2 0.7157391203604513 0.16821443002629555 0.7469711155119134 0.15342032705981354 0.7612172887388963 0.18300853299277756 0.7283415043689361 0.19561091700126226
2 0.3024792279905001 0.3331252437371677 0.3142529383704016 0.3082193172413199 0.34504566831349265 0.32361567658865836 0.3328191369362349 0.3471630681025831
2 0.29387536807750836 0.3643708171744445 0.3051962417122728 0.3335780264899145 0.33010214346160827 0.34489889562531334 0.3187812653274781 0.37750300854387864
2 0.042813432980728115 0.24276184503647752 0.045403784416722465 0.28122217041339337 0.08562688641311907 0.2892803100222947 0.08068687987093796 0.25181852471972593
2 0.3241905817194224 0.04574665065703864 0.36794822436575314 0.047072653801670014 0.3679482507158392 0.10011223941016258 0.32816857139075206 0.09215627324254622
2 0.8413436833715836 0.220284265967973 1.0 0.2273901596971469 0.9962532299741604 0.30271317829457367 0.8413436763111148 0.30555560497883644
