0 0.12486486486486488 0.32108108108108113 0.15063063063063065 0.32504504504504506 0.15360360360360362 0.30522522522522527 0.16945945945945948 0.30720720720720723 0.1863063063063063 0.3230630630630631 0.20909909909909913 0.3091891891891892 0.2081081081081081 0.28441441441441445 0.20117117117117117 0.26954954954954957 0.19126126126126128 0.2645945945945946 0.18828828828828828 0.2328828828828829 0.13180180180180182 0.2299099099099099 0.12090090090090092 0.2556756756756757 0.10801801801801802 0.2863963963963964 0.11792792792792793 0.29630630630630633 0.11594594594594594 0.30720720720720723
0 0.09023020014755552 0.38980445509371137 0.0881996196045783 0.35393086550111347 0.11324344630129754 0.33565564061431835 0.15656249788481194 0.3390399415192804 0.1924360874774098 0.37017550984493136 0.16874598114267536 0.3931887559986734 0.14708645535091816 0.4094334003424913 0.136933552636032 0.42567804468630915
0 0.2201564926507122 0.278051721149335 0.250722086767648 0.26971565002653436 0.2680889016068161 0.23220332997393126 0.24203867934806397 0.19885904548272854 0.2027896778115441 0.19156498325027793 0.19792696965657705 0.25651687074876656
0 0.27236773744689036 0.23854917928562575 0.28623687577745 0.20064020118209608 0.3162866754936626 0.1904694997396857 0.337090382989502 0.20295172423718935 0.3403265152666326 0.22837847784321536 0.3246081584919984 0.24548374845090556 0.33154272765727816 0.25380523144924133 0.3070405832732895 0.2806188988883233 0.2899353126655993 0.27183511127896887 0.2936337495537485 0.2588905821704466
0 0.05454041023870967 0.24604599024172422 0.09916438225219938 0.22934462059924857 0.1020349301594999 0.20820694964549027 0.07698287569578637 0.1734994158572205 0.033141780384287695 0.1946370868109788 0.03496849268893346 0.21838434677137392
0 0.05904717045317146 0.47282969017233645 0.09946448498796263 0.46998784774410907 0.11430521766870626 0.4428324645410462 0.10577969038402375 0.4131509991795589 0.07578246475273344 0.4011521089270428 0.048311321279867564 0.430202053748924
0 0.0034733629678336164 0.37534271562156746 0.03021825782015246 0.3770793971054843 0.03647031116225297 0.3555445467049159 0.03021825782015246 0.33470436889791416 0.0031260266710502545 0.3378303955689644
0 0.17117290527576703 0.7061951681125401 0.17676679106909277 0.685497790677235 0.19858294566306306 0.6692755218765903 0.2321462604230174 0.6715130761939208 0.24669036348566428 0.6933292307878909 0.2416558662716711 0.716823551119859 0.22207726599503108 0.7280113227065105 0.17732617964842531 0.7235362140718499
0 0.08670522979654866 0.7190611054371893 0.11355588160451212 0.7358427628171664 0.13033753898448927 0.7336052084998363 0.14264408772980586 0.7207392711751871 0.13705020193648013 0.6961261736845538 0.11019955012851668 0.6866165678359001 0.0919421890236544 0.6996291155838378
0 0.09453666990720468 0.8085632781304009 0.09901177854186524 0.7906628435917584 0.11691221308050755 0.7895440664330934 0.12250609887383329 0.8141571639237264 0.10796199581118641 0.8197510497170523
0 0.2802536782456186 0.7660497461011253 0.30990127295024494 0.806885112392403 0.3294798732268849 0.7805938491637722 0.30822310721224716 0.7587776945698019
0 0.17900434538642304 0.787306512115763 0.21592399162237283 0.779475072005107 0.21872093451903565 0.7436742029278224 0.18012312254508822 0.7453523686658201
0 0.38318117684281183 0.8131642145029209 0.38877506263613754 0.8372179234142216 0.4201008230787616 0.8265895404069026 0.419541434499429 0.8070109401302625 0.407794274333445 0.7991795000196066
0 0.4212196002374267 0.8881222841334856 0.4525453606800508 0.8993100557201372 0.45813924647337645 0.880850232602162 0.4424763662520645 0.8545589693735313 0.41898204592009647 0.8618310209048546
0 0.0 0.4379563794435199 0.01146278199092073 0.4347202471663893 0.033653403319816144 0.44858938549694893 0.02949266182064825 0.4638454376605645 0.015161218879069965 0.4767899667690868 0.001754385159528985 0.47586535754704956
0 0.033653403319816144 0.4957444558208517 0.04289949554018923 0.47863918521316134 0.06231628920297272 0.49204601893270244 0.06786394453519658 0.4827999267123293 0.08127077825473755 0.48141301287927335 0.07849695058862562 0.495282151209833 0.08265769208779351 0.5036036342081688 0.07526081831149505 0.5447487445888289 0.03827644943000269 0.5197842955938217 0.038738754041021346 0.5091512895403926
0 0.0 0.6118583322617379 0.02436696651572685 0.6138889128047152 0.0559510167705928 0.6411321213609428 0.07039345882321088 0.6680377272841082 0.05753311538435505 0.6822517910849488 0.02233638597274961 0.6863129521709032 0.0 0.6984964354287665
0 0.04738021266946888 0.7215096815825087 0.043319051583514394 0.7066187576006756 0.054825674660385404 0.692404693799835 0.07107031900420331 0.7005270159717439 0.07580834027115022 0.7221865417635009 0.056856255203362654 0.7370774657453341
0 0.027074407239696497 0.7533221100891521 0.042642191402521984 0.7580601313560991 0.052118233936415764 0.7472303684602203 0.05076451357443093 0.7309857241164024 0.042642191402521984 0.7221865417635012 0.02233638597274961 0.7282782833924327
0 0.15093982036130796 0.6592385449312067 0.13266459547451281 0.6402864598634191 0.1407869176464218 0.6138889128047151 0.17869108778199688 0.6091508915377682 0.19019771085886789 0.6220112349766241 0.17395306651505 0.6605922652931915
0 0.058886835746339884 0.6287798367865481 0.06700915791824882 0.6118583322617379 0.08054636153809708 0.6023822897278441 0.10491332805382393 0.6003517091848669 0.11032820950176322 0.6321641376915103 0.11574309094970252 0.6605922652931915 0.09679100588191497 0.6687145874651005 0.07631437432213553 0.6554083571395976
0 0.060240556108324704 0.1360488963794749 0.11709681131168734 0.10762076877779357 0.12792657420756592 0.09543728551993015 0.13167118981798925 0.07769827991716043 0.12777417875006652 0.04028047564070355 0.08866868371000602 0.032489288687635794 0.014214063800840662 0.08325380226206675 0.014214063800840662 0.1258959936645887 0.03993475067855233 0.12792657420756592
0 0.1360488963794749 0.1908745710398603 0.15635470180924727 0.17530678687703483 0.1746299266960424 0.185459689591921 0.19832003303077683 0.17733736742001205 0.21591839773657956 0.15093982036130796 0.18342910904894377 0.13807947692245212 0.2125340968316175 0.10017530678687704 0.20441177465970856 0.08528438280504397 0.2125340968316175 0.06294799683229435 0.17869108778199688 0.06430171719427917 0.16176958325718657 0.08799182352901362 0.11709681131168734 0.11168192986374806 0.10626704841580875 0.13334145565550523 0.11526847965111676 0.1652329170736759 0.13334145565550523 0.16244644343817896 0.12318855294061906 0.17598364705802724
0 0.2457002457002457 0.17666050723901963 0.23690106334734437 0.15635470180924727 0.2720977927589498 0.06836287828023364 0.3059408018085704 0.04738021266946887 0.32150858597139587 0.05279509411740817 0.32083172579040353 0.07580834027115019 0.3309846285052897 0.10626704841580875 0.3479061330301 0.14349435837039143 0.3492598533920848 0.185459689591921 0.3012027805416235 0.18139852850596655 0.2714209325779574 0.18139852850596655
0 0.7867890429873903 0.8314618149328895 0.7712212588245648 0.7955882253402917 0.780020441177466 0.7603914959286863 0.8213089122180033 0.7319633683270049 0.8829031886883127 0.7759592800915118 0.8768114470593812 0.8131865900460943
0 0.7549766144807469 0.8605668027155633 0.7752824199105192 0.9038858542990776 0.805741128055178 0.9045627144800702 0.8165708909510563 0.8700428452494571 0.7773130004534964 0.8328155352948744
0 0.7664832375576179 0.9532966475115237 0.7867890429873903 0.9560040882354933 0.7962650855212839 0.9377288633486984 0.7725749791865497 0.9248685199098425 0.7624220764716635 0.9390825837106831
0 0.8118328696841093 0.927575960633812 0.8213089122180033 0.9654801307693873 0.8497370398196845 0.9702181520363342 0.8592130823535784 0.9593883891404554 0.8646279638015176 0.9384057235296909 0.8605668027155633 0.9228379393668653
0 0.8497370398196847 0.8842569090502976 0.8680122647064799 0.8605668027155633 0.8957635321271689 0.8598899425345707 0.9005015533941156 0.9032089941180853 0.8876412099552597 0.9099775959280094 0.8700428452494571 0.9120081764709866
0 0.9065932950230473 0.9458511855206073 0.9187767782809106 0.9891702371041216 0.947204905882592 0.9918776778280912 0.9566809484164858 0.9708950122173267 0.9539735076925162 0.9363751429867135
0 0.7982956660642614 0.7082732619922705 0.8544750610866315 0.7211336054311261 0.8659816841635026 0.6886443167434905 0.824016352941973 0.6399103837120368 0.8010031067882311 0.6703690918566952
0 0.7545466514169316 0.6411364417329446 0.7536228941187622 0.5858850177912323 0.7725132549072553 0.5771475597176251 0.7669132006214333 0.5554880339258679 0.7866655944288019 0.5313062402480238 0.8095553920239554 0.5108152619803688 0.8534278552298734 0.515061595904206 0.8264768965487655 0.5710558180886934 0.8474595621595304 0.6089599882242684 0.8210620151008263 0.6471706728650705 0.7979870446677902 0.6370794944294784
0 0.6879674565624981 0.5532722805450081 0.7150418638021947 0.5593640221739398 0.7509154533947925 0.5512417000020308 0.7461774321278456 0.5248441529433266 0.7096269823542554 0.5160449705904253 0.6879674565624981 0.5282284538482888
0 0.638556663350052 0.4862631226267592 0.664954210408756 0.48829370316973636 0.6859368760195208 0.5031846271515694 0.7116575628972325 0.4998003262466074 0.7184261647071566 0.48220196154080475 0.7333170886889897 0.48287882172179714 0.7441468515848684 0.495739165160653 0.7495617330328076 0.43888290995729035 0.73060964796502 0.43008372760438895 0.6940591981914297 0.4273762868804194 0.6811988547525739 0.43888290995729035 0.6554781678748625 0.44362093122423724 0.6358492226260823 0.4510663932151538 0.6196045782822645 0.4558044144821006
0 0.5282284538482888 0.3966400660615538 0.5194292714953874 0.36956565882185716 0.5322896149342432 0.35332101447803926 0.5566565814499701 0.351290433935062 0.5783161072417272 0.3276003276003276 0.6263731800921885 0.34249125158216065 0.6297574809971506 0.3682119384598724 0.6466789855219609 0.3844565828036902 0.641940964255014 0.41017726968140195 0.6202814384632569 0.4210070325772805 0.6080979552053933 0.4379285371020908 0.6202814384632569 0.4731252665136962 0.5857615692326438 0.47380212669468874 0.5722243656127955 0.4345442361971288
0 0.45038953303416135 0.3039102212655932 0.45242011357713857 0.3181242850664338 0.49438544479866814 0.35399787465903165 0.5241672927623342 0.33166148868628215 0.5228135724003494 0.2876655769217753 0.4794945208168351 0.285634996378798
0 0.41316222307957867 0.29375731855070697 0.39962501945973045 0.28022011493085874 0.4009787398217152 0.2517919873291774 0.4239919859754573 0.2457002457002457 0.45783499502507785 0.2673597714920029 0.4673110375589717 0.285634996378798 0.4456515117672144 0.3045870814465856
0 0.3982712990977456 0.2795432547498663 0.35901340860018566 0.2517919873291774 0.3630745696861402 0.19764317284978442 0.41519280362255595 0.20644235520268578 0.4206076850704952 0.22539444027047334 0.3969175787357608 0.23148618189940504 0.4009787398217152 0.2517919873291774
0 0.8648648648648648 0.5792792792792794 0.8612612612612612 0.5387387387387388 0.944144144144144 0.5045045045045045 0.9729729729729729 0.5306306306306307 1.0 0.6072072072072072 0.9945945945945945 0.6297297297297297 0.908108108108108 0.6279279279279281
0 0.872072072072072 0.3567567567567568 0.9 0.3621621621621622 0.9 0.3342342342342342 0.8747747747747748 0.33333333333333326
0 0.8495495495495495 0.18198198198198198 0.8945945945945946 0.2162162162162162 0.945045045045045 0.218018018018018 0.972072072072072 0.15135135135135136 0.9207207207207208 0.1018018018018018 0.8801801801801801 0.11441441441441441 0.8576576576576577 0.14774774774774774
0 0.8252252252252252 0.3 0.8126126126126126 0.25675675675675674 0.853153153153153 0.23243243243243245 0.9036036036036036 0.25495495495495496 0.9216216216216216 0.28468468468468466 0.8855855855855856 0.3207207207207208
0 0.6063063063063063 0.3207207207207208 0.6306306306306306 0.3225225225225225 0.6441441441441441 0.3063063063063063 0.6351351351351351 0.2756756756756757 0.6045045045045045 0.27387387387387385 0.5972972972972973 0.3027027027027027
0 0.5477477477477477 0.30180180180180183 0.5657657657657658 0.3054054054054054 0.5792792792792792 0.290990990990991 0.5711711711711712 0.2648648648648649 0.5468468468468468 0.2594594594594595 0.5387387387387388 0.27927927927927926
0 0.518918918918919 0.1945945945945946 0.5288288288288289 0.218018018018018 0.5315315315315315 0.24324324324324326 0.572972972972973 0.23153153153153153 0.5963963963963964 0.2072072072072072 0.5864864864864865 0.1837837837837838 0.5594594594594594 0.16936936936936933 0.5306306306306307 0.17297297297297298
0 0.4126126126126126 0.1891891891891892 0.4261261261261261 0.21171171171171171 0.45225225225225224 0.22882882882882882 0.47297297297297297 0.2072072072072072 0.4657657657657658 0.18558558558558558 0.44594594594594594 0.17207207207207204
0 0.45585585585585586 0.14234234234234233 0.45765765765765765 0.15945945945945947 0.48828828828828835 0.1837837837837838 0.5234234234234234 0.16756756756756758 0.5198198198198198 0.14324324324324325 0.4891891891891892 0.12252252252252252
0 0.43348700744047997 0.08378378378378379 0.4235770975305701 0.06576576576576576 0.4361897101431827 0.028828828828828826 0.44947962240989936 0.0 0.49110970152831257 0.0 0.5455060673664849 0.0 0.5891753693613431 0.00130581591053679 0.5731266470801196 0.055855855855855854 0.6091626831161556 0.1045045045045045 0.596550070503543 0.11351351351351352 0.542496016449489 0.1081081081081081 0.49024376419723675 0.10270270270270271 0.45150502545849797 0.09549549549549549
0 0.35405405405405405 0.14954954954954955 0.38828828828828826 0.1603603603603604 0.4144144144144144 0.12702702702702703 0.3918918918918919 0.1054054054054054 0.3522522522522522 0.08828828828828829 0.34414414414414407 0.1063063063063063 0.35405405405405405 0.12432432432432433
0 0.6360360360360361 0.1927927927927928 0.7036036036036036 0.24504504504504504 0.7333333333333333 0.21711711711711712 0.745945945945946 0.1873873873873874 0.7360360360360361 0.15585585585585585 0.6720720720720721 0.13153153153153152
0 0.5927927927927928 0.18198198198198198 0.636936936936937 0.17927927927927928 0.6927927927927928 0.12882882882882882 0.6918918918918919 0.0990990990990991 0.6316990254665243 0.07149233921331064 0.5962427222892498 0.09304403369528202
0 0.6873873873873874 0.2864864864864865 0.7081081081081081 0.2927927927927928 0.7171171171171171 0.3081081081081081 0.7414414414414413 0.2990990990990991 0.7693693693693695 0.2990990990990991 0.773873873873874 0.27297297297297296 0.7414414414414413 0.24144144144144147 0.7047093548316041 0.23830260578426865 0.6873873873873874 0.24954954954954955
0 0.9254864864864865 0.7968558558558558 0.9407477477477477 0.7685135135135135 0.9985225225225224 0.7685135135135135 0.9996126126126125 0.8491801801801802 0.9636396649212293 0.8295585543449602 0.9352973015108955 0.8306486486486486
0 0.9080449944818655 0.9025946409441756 0.9243963626876099 0.8655315062499418 0.9625495453359512 0.8579008629785164 0.9734504504504503 0.8851531489395549 0.953828845683222 0.9309369495777318 0.9331171171171171 0.9331171171171171 0.916765757338569 0.9265766060717645
0 0.9647297255161313 0.9516486570758451 0.9723603687875566 0.9276666624530683 1.0 0.9243963879692 1.0 0.9614594678866559 0.9778108065972123 0.9680000210679914
0 0.9113152984609222 0.7445315357451299 0.9352973057244937 0.74344142037345 0.9396576492304611 0.7663333501877263 0.9963423423423421 0.7652432432432432 0.9974324324324323 0.7172792792792793 0.9472882882882883 0.7096486486486486 0.9178558474286593 0.719459467886656
0 0.8884234402778166 0.4491171213307154 0.9124054222597987 0.44802703124062526 0.9287567736111499 0.41532432853792256 0.9352973141516905 0.3989729771865712 0.9113153321697085 0.3891621663757604 0.8851531700075463 0.4022432474568415 0.8720720889264654 0.4196846888982829 0.8731621790165554 0.43712613033972436
0 0.9113153153153152 0.5112522733202436 0.884063063063063 0.497081081081081 0.8764324324324323 0.4796396396396396 0.8873333333333333 0.46546846846846845 0.9178558558558558 0.4643783783783783 0.9331171171171171 0.48509009009008996 0.932027027027027 0.5036216216216216
0 0.7630630630630632 0.4393063063063063 0.7587027027027027 0.40333333333333327 0.7892252252252251 0.4175045045045045 0.7903153153153153 0.3957027027027027 0.7761441441441441 0.3848018018018018 0.775054054054054 0.3619099099099099 0.8360990990990991 0.363 0.8502702702702704 0.38807207207207206 0.8807927927927928 0.398972972972973 0.8764324324324323 0.45129729729729734 0.847 0.46001801801801806 0.8611711711711711 0.4872702702702702 0.8491801801801802 0.5025315315315315 0.8066666666666665 0.5047117117117117 0.8044864864864865 0.472009009009009
0 0.1362612696884578 0.6104504757320401 0.155882899737276 0.589738742952337 0.15043245350042386 0.5548558474286593 0.12427027027027025 0.5395945945945946 0.10573873873873874 0.557036036036036 0.11118917654839432 0.5995495664039427
0 0.015261261261261259 0.2845135135135135 0.02507207207207207 0.2398198198198198 0.0882972972972973 0.2518108108108108 0.09701801801801802 0.2943243243243243 0.09156756756756756 0.3281171171171171 0.0654054054054054 0.33247747747747747 0.031248578025753104 0.3137714712007411
0 0.7445315315315315 0.21038738738738735 0.7685135135135135 0.2212882882882883 0.7739639597503656 0.2659820072635717 0.7990360486768309 0.25835135977854795 0.821927944782321 0.22346844318687878 0.8459099099099099 0.22346846846846843 0.824108108108108 0.13953153153153153
0 0.771783787997382 0.07412613033972441 0.8241081123217063 0.08393694115053522 0.8317387429523369 0.0534144186280127 0.8110270312406251 0.01308108529467937 0.7851836109839261 0.04201765344476484
0 0.08656326898189265 0.4754520808474868 0.12661498708010338 0.5297157622739019 0.16149870801033595 0.47674418604651175 0.12015503875968994 0.43798449612403106
0 0.0012919896640826876 0.5620155038759691 0.038759709178304326 0.5749354005167959 0.043927648578811374 0.6046511627906977 0.0310077519379845 0.6149870801033592 0.0 0.6111111303669348
0 0.012919870966395268 0.5193798257054166 0.06459950887856598 0.5387596770852648 0.0516795994005233 0.585271337085281 0.0051679201446833455 0.5645995024599582
0 0.06976744186046513 0.5387596449922254 0.07751937984496125 0.5645994832041344 0.09819121447028425 0.5671834625322998 0.1343669314832074 0.5374677323514375 0.1046511627906977 0.5155038759689923 0.08010332708008713 0.5064599547390215
0 0.602067215555572 0.27002585263049744 0.6382429197312791 0.2713178743876197 0.6640827515245803 0.22997416020671835 0.6085270804340827 0.20413437976228044 0.5697674482790731 0.23126611135915362
0 0.7002583979328166 0.08785529715762275 0.7545220280103687 0.05426355947286498 0.7894056847545221 0.144702842377261 0.7493540051679588 0.16408268733850132 0.6950904392764857 0.1356589147286822
0 0.682170542635659 0.35400516795865644 0.7635658914728684 0.35788113695090445 0.7687339014780623 0.2894056077312272 0.6821705233798351 0.29069764874417314
