0 0.7189189189189189 0.8981981981981982 0.7216216216216216 0.8711711711711712 0.7423423423423423 0.8666666666666667 0.7639639639639639 0.8333333333333335 0.8153153153153154 0.8270270270270269 0.8567567567567564 0.8468468468468469 0.8657657657657658 0.8900900900900901 0.8585585585585584 0.9288288288288288 0.8126126126126126 0.9495495495495496 0.7621621621621623 0.936036036036036 0.7423423423423423 0.9072072072072072
0 0.681981981981982 0.5873873873873874 0.7045045045045044 0.6081081081081081 0.7378378378378379 0.6 0.754054054054054 0.5540540540540541 0.7639639639639639 0.5 0.7621621621621621 0.4612612612612612 0.7378378378378379 0.44504504504504505 0.6882882882882881 0.4702702702702703 0.6765765765765765 0.4954954954954955 0.6882882882882881 0.5153153153153153 0.6789681758048949 0.5497588144820273
0 0.7036036036036036 0.6414414414414416 0.7153153153153152 0.6216216216216216 0.7297092768444118 0.5945731677623567 0.7549549549549549 0.5837837837837838 0.7873873873873873 0.6 0.8135135135135135 0.6396396396396397 0.8045045045045045 0.690990990990991 0.790990990990991 0.7009009009009008 0.7297297297297297 0.6846846846846847 0.7063063063063063 0.6693693693693694
0 0.8909909909909911 0.5477477477477477 0.9261261261261261 0.581981981981982 0.9576576576576576 0.5558558558558558 0.9684684684684685 0.5306306306306307 0.9405405405405406 0.5027027027027027 0.918018018018018 0.5036036036036036
0 0.8288288288288288 0.527927927927928 0.863063063063063 0.5369369369369369 0.8945945945945946 0.5045045045045045 0.8873873873873874 0.472072072072072 0.8567567567567568 0.4540540540540541 0.8207207207207208 0.47927927927927927 0.8162162162162161 0.4990990990990991
0 0.8171171171171171 0.4009009009009009 0.8603603603603603 0.39369369369369367 0.8747747747747748 0.3747747747747748 0.8621621621621621 0.33693693693693694 0.8171171171171171 0.3423423423423423 0.8027027027027027 0.3621621621621622 0.8036244541484716 0.38605727998741096
0 0.645945945945946 0.3045045045045045 0.6522522522522523 0.31891891891891894 0.6666666666666665 0.31891891891891894 0.6927927927927928 0.36486486486486486 0.7342342342342343 0.35945945945945945 0.7702702702702703 0.33333333333333326 0.7954954954954956 0.31351351351351353 0.8009009009009008 0.2747747747747748 0.7882882882882883 0.2306306306306306 0.7629094674953484 0.23745369777595524 0.764317993762332 0.277483842444698 0.7515985440599836 0.2800357700235497 0.7421673192440391 0.23679690280058752 0.7234234234234235 0.22072072072072071 0.7037837837837838 0.2237837837837838 0.6891891891891891 0.23783783783783785 0.6783783783783783 0.2747747747747748 0.6603603603603604 0.2864864864864865 0.6441441441441441 0.2945945945945946
0 0.7432432432432432 0.09549549549549549 0.7612612612612613 0.11171171171171171 0.790990990990991 0.0981981981981982 0.7981981981981981 0.05945945945945946 0.7675675675675676 0.04864864864864865 0.7468468468468469 0.06486486486486487
0 0.7189189189189187 0.1828828828828829 0.7603603603603604 0.1918918918918919 0.781981981981982 0.1801801801801802 0.7702702702702703 0.13153153153153152 0.7432432432432432 0.12252252252252252 0.7207207207207208 0.14054054054054055 0.7153153153153152 0.1594594594594595
0 0.7864864864864864 0.17207207207207204 0.8063063063063063 0.1891891891891892 0.8423423423423422 0.17387387387387387 0.8297297297297297 0.14324324324324325 0.8027027027027027 0.13153153153153152 0.7792792792792792 0.14684684684684685
0 0.6882882882882881 0.4162162162162162 0.727027027027027 0.43423423423423424 0.7513513513513513 0.436036036036036 0.7972972972972973 0.4252252252252252 0.8 0.3963963963963964 0.7855855855855856 0.37657657657657656 0.745945945945946 0.3747747747747748 0.7378378378378379 0.3603603603603604 0.6765765765765765 0.36396396396396397 0.6666666666666665 0.3891891891891892
0 0.563963963963964 0.7018018018018019 0.5783783783783784 0.6864864864864865 0.5927927927927928 0.690990990990991 0.6 0.7135135135135136 0.5900900900900901 0.726126126126126 0.5684684684684684 0.726126126126126
0 0.6585585585585586 0.8612612612612612 0.6603603603603604 0.8396396396396396 0.6873873873873874 0.8297297297297297 0.6990990990990992 0.8450450450450451 0.69009009009009 0.8621621621621621 0.6684684684684684 0.8684684684684685
0 0.5939798981660082 0.7663105350547021 0.6114393270672437 0.7981981981981981 0.6333333333333333 0.8153153153153153 0.6549899185247802 0.7954954954954956 0.6575739106901614 0.7559745663931775 0.6357986149613931 0.7153291351431617
0 0.69009009009009 0.7072072072072072 0.6864864864864865 0.7450450450450451 0.7 0.7576576576576577 0.7288288288288288 0.745945945945946 0.7351351351351352 0.7171171171171171 0.7171171171171171 0.6954954954954955
0 0.7126126126126127 0.7621621621621621 0.7063063063063063 0.781981981981982 0.7297297297297297 0.7972972972972973 0.7630630630630632 0.7783783783783784 0.7576576576576577 0.7414414414414413 0.7342342342342343 0.7387387387387387 0.718018018018018 0.7549549549549549
0 0.7765765765765765 0.7333333333333333 0.7981981981981981 0.7009009009009008 0.8621621621621621 0.7081081081081081 0.8621621621621621 0.7423423423423423 0.8405405405405405 0.7630630630630632 0.8045045045045045 0.7585585585585587
0 0.872072072072072 0.7927927927927928 0.9117117117117117 0.7558558558558559 0.9423423423423424 0.7612612612612613 0.9576576576576576 0.7801801801801802 0.9810810810810809 0.7765765765765765 0.9972972972972972 0.7414414414414413 0.9954954954954955 0.8909909909909911 0.927027027027027 0.8846846846846845 0.9 0.8666666666666667 0.8729729729729729 0.8684684684684685 0.8567567567567568 0.8414414414414414 0.863963963963964 0.8171171171171171
0 0.9342342342342342 0.8954954954954953 0.9099099099099099 0.9234234234234235 0.9369369369369369 0.9612612612612612 0.9747747747747748 0.963963963963964 0.9954954954954955 0.9693693693693693 0.9972972972972972 0.9153153153153153 0.972072072072072 0.8990990990990991
0 0.6486486486486487 0.1036036036036036 0.6684684684684684 0.06306306306306306 0.7126126126126127 0.06396396396396396 0.726126126126126 0.1081081081081081 0.7072072072072072 0.14414414414414414 0.6801801801801802 0.14504504504504503 0.6567567567567568 0.13693693693693693
0 0.6103010050916996 0.19048118527187974 0.6075983023889969 0.24813884292953745 0.6511139302767084 0.2873735675595412 0.6738389103040489 0.27534068780568993 0.6895802843709788 0.19498568977638428 0.668859563650258 0.16525596004665452 0.6508415456322402 0.14723794202863652 0.6184091131998077 0.16435505914575366
0 0.5855855855855856 0.1045045045045045 0.581081081081081 0.14504504504504503 0.6081081081081081 0.15405405405405406 0.6414414414414416 0.13693693693693693 0.6333333333333333 0.1081081081081081 0.6142298395956932 0.09635684464952765
0 0.8945945945945946 0.3675675675675676 0.8981981981981982 0.3927927927927928 0.9225225225225224 0.390990990990991 0.927027027027027 0.36936936936936937 0.909009009009009 0.35855855855855856
0 0.9144144144144144 0.41351351351351356 0.9288288288288288 0.4378378378378379 0.9522522522522523 0.44054054054054054 0.9522522522522523 0.409009009009009 0.9324324324324325 0.3927927927927928
0 0.9567567567567568 0.4063063063063063 0.972972972972973 0.44234234234234227 0.9972972972972972 0.44504504504504505 1.000900900900901 0.3945945945945946 0.9801801801801802 0.37567567567567567
0 0.8054054054054053 0.3036036036036036 0.8297297297297297 0.33693693693693694 0.8603603603603603 0.31981981981981983 0.8612612612612612 0.2810810810810811 0.8270270270270271 0.2765765765765766
0 0.7954954954954956 0.236036036036036 0.8081081081081081 0.2135135135135135 0.8495495495495495 0.2108108108108108 0.854954954954955 0.25765765765765763 0.8036036036036036 0.27927927927927926
0 0.8306306306306306 0.5477477477477477 0.8216216216216217 0.5738738738738739 0.8252252252252252 0.6018018018018018 0.8522522522522522 0.6 0.8693693693693693 0.5621621621621622 0.8567567567567568 0.5459459459459459
0 0.853153153153153 0.6018018018018018 0.8801801801801801 0.6198198198198198 0.9108108108108108 0.6 0.9 0.5711711711711712 0.8675675675675676 0.5621621621621622
0 0.8522522522522522 0.6315315315315315 0.8810810810810811 0.6216216216216216 0.9108108108108108 0.6288288288288288 0.9126126126126127 0.6576576576576578 0.8990990990990991 0.6801801801801802 0.881981981981982 0.6783783783783783 0.8576576576576577 0.6639639639639638
0 0.8837837837837837 0.6828828828828829 0.8801801801801801 0.7072072072072072 0.8675675675675676 0.7144144144144144 0.872072072072072 0.7351351351351352 0.8666666666666667 0.745945945945946 0.8657657657657658 0.7621621621621621 0.8873873873873874 0.7702702702702703 0.9513513513513514 0.7594594594594595 0.9612612612612612 0.7315315315315316 0.9549549549549551 0.7108108108108108 0.9324324324324325 0.7081081081081081 0.927027027027027 0.6846846846846847 0.909009009009009 0.6783783783783783
0 0.5162162162162162 0.654054054054054 0.618018018018018 0.6936936936936937 0.636936936936937 0.6738738738738739 0.6306306306306306 0.6306306306306306 0.6135135135135135 0.6324324324324324 0.6081081081081081 0.6234234234234234 0.627927927927928 0.6036036036036037 0.6711711711711712 0.5927927927927928 0.6711711711711712 0.5351351351351351 0.645945945945946 0.5117117117117117 0.609009009009009 0.527027027027027 0.5972972972972973 0.5621621621621622 0.5315315315315315 0.5387387387387388
0 0.31891891891891894 0.5756756756756757 0.37657657657657656 0.5963963963963964 0.4711711711711712 0.5927927927927928 0.463963963963964 0.5333333333333333 0.4063063063063063 0.5171171171171172 0.3342342342342342 0.5324324324324324
0 0.35315315315315315 0.6288288288288288 0.4117117117117117 0.6333333333333333 0.43153153153153156 0.6045045045045047 0.4693693693693694 0.6054054054054054 0.4747747747747748 0.7081081081081081 0.44954954954954957 0.7135135135135136 0.35405405405405405 0.6981981981981982 0.34234234234234234 0.6630630630630631
0 0.4918918918918919 0.07207207207207207 0.4846846846846847 0.1009009009009009 0.5063063063063064 0.13603603603603603 0.5468468468468468 0.11711711711711711 0.5603603603603604 0.08648648648648649 0.5324324324324324 0.05765765765765765
0 0.41081081081081083 0.2594594594594595 0.37657657657657656 0.2891891891891892 0.3864864864864865 0.3495495495495496 0.42792792792792794 0.372972972972973 0.4927927927927928 0.3288288288288289 0.4666666666666666 0.26576576576576577
0 0.18828828828828828 0.5414414414414415 0.18468468468468469 0.5666666666666667 0.2036036036036036 0.5891891891891892 0.22792792792792793 0.5783783783783784 0.23693693693693693 0.5477477477477477 0.21891891891891896 0.527927927927928
0 0.14774774774774774 0.6576576576576578 0.1900900900900901 0.654054054054054 0.2009009009009009 0.6315315315315315 0.19369369369369369 0.6027027027027027 0.16666666666666663 0.5954954954954955 0.14504504504504503 0.6072072072072072
0 0.2099099099099099 0.8432432432432432 0.2135135135135135 0.7882882882882883 0.24774774774774774 0.7495495495495496 0.26576576576576577 0.7603603603603604 0.27837837837837837 0.7468468468468469 0.31801801801801804 0.7783783783783784 0.3234234234234235 0.8126126126126126 0.3054054054054054 0.8198198198198198 0.3288288288288289 0.8315315315315316 0.3117117117117117 0.8594594594594596 0.2747747747747748 0.8603603603603603 0.25495495495495496 0.8504504504504504
0 0.0 0.9387387387387388 0.03873873873873874 0.9387387387387388 0.04234234234234233 0.9792792792792793 0.027927927927927927 0.9963963963963964 0.0009009009009009008 0.9927927927927928
0 0.27387387387387385 0.6270270270270271 0.2756756756756757 0.6 0.30180180180180183 0.5882882882882883 0.34864864864864864 0.6117117117117117 0.3342342342342342 0.6603603603603606 0.3054054054054054 0.6720720720720721 0.2891891891891892 0.6576576576576578 0.27207207207207207 0.6558558558558558 0.26216216216216215 0.6414414414414416
0 0.06486486486486487 0.7333333333333333 0.08828828828828829 0.7 0.11981981981981982 0.7081081081081081 0.14504504504504503 0.7756756756756756 0.12162162162162163 0.7927927927927928 0.08108108108108109 0.7684684684684684
0 0.02072072072072072 0.8801801801801801 0.04594594594594595 0.8954954954954953 0.06846846846846846 0.8909909909909911 0.07117117117117117 0.8432432432432432 0.04594594594594595 0.836036036036036 0.01891891891891892 0.854054054054054
0 0.0891891891891892 0.8297297297297297 0.0891891891891892 0.8585585585585584 0.13423423423423422 0.872072072072072 0.15495495495495495 0.8621621621621621 0.14684684684684685 0.8333333333333335 0.12162162162162163 0.8144144144144144
0 0.281981981981982 0.7477477477477477 0.3027027027027027 0.7171171171171171 0.3288288288288289 0.7171171171171171 0.33783783783783783 0.7351351351351352 0.3324324324324324 0.7639639639639639 0.3162162162162162 0.7774774774774775
0 0.9855855855855856 0.6747747747747748 0.9423423423423424 0.6486486486486487 0.9612612612612612 0.5972972972972973 0.9810810810810809 0.5783783783783784 1.0 0.5846846846846847 0.9981981981981982 0.6774774774774773
0 0.6054054054054054 0.31711711711711715 0.6189189189189189 0.2927927927927928 0.6396396396396397 0.2981981981981982 0.6513513513513512 0.3261261261261261 0.636936936936937 0.34054054054054056 0.6144144144144145 0.34144144144144145
0 0.11111112394832691 0.928940581312668 0.16020673118346904 0.9870801161963889 0.23126616270801684 0.9198966536640892 0.20801048354529436 0.8682170285891343 0.09948321697158274 0.8914728810542701
0 0.17700258397932817 0.9689922095503679 0.19250628664590702 0.9160208194626067 0.2330341088301808 0.9073005175414613 0.3023256263256041 0.99870809377782 0.20930221646506106 1.0
0 0.02454780361757106 0.7932816537467702 0.05426356589147287 0.7984496124031008 0.060723514211886306 0.7661498708010336 0.0310077519379845 0.7558139534883721
0 0.0 0.7997416084857915 0.0310077519379845 0.810077519379845 0.016795865633074936 0.8449612403100776 0.0 0.8449612274728618
0 0.7958656330749353 0.520671834625323 0.8191214470284238 0.4780361757105943 0.8152454780361758 0.44315245478036175 0.7881136950904393 0.4405684754521964 0.7687338501291989 0.4819121447028424
0 0.6072351421188631 0.5193798963101036 0.5671834625322998 0.46124031007751937 0.6330749354005168 0.3901808785529715 0.7054263694263632 0.44573639559687966 0.6731266149870802 0.5116279069767442
0 0.5516795416330521 0.27906979311629204 0.6046511627906976 0.2648578811369509 0.6214468936330069 0.15891482496128906 0.5490955558862789 0.20930231274417957
0 0.5943152326408203 0.39534897200006824 0.5904392764857881 0.2842377260981912 0.4870807516385711 0.2945735535503422 0.49095663077030866 0.4018086635761657
0 0.38888886321445737 0.507752072775262 0.38888888247028086 0.38630490956072366 0.4987076573124828 0.3850128171989143 0.5012916687336877 0.505167945819115
0 0.6576227454366957 0.7028424029354134 0.6873385077105977 0.7067183719276616 0.6912144767028456 0.6731266406615117 0.6614987144289438 0.6705426613333464
0 0.7803617571059432 0.7894056911731298 0.8139535268837405 0.8346253936021029 0.8462532813230236 0.8126615115452261 0.813953494790701 0.760981899307487
0 0.6847545412196481 0.9173126935917475 0.7157623124134562 0.9237726162377293 0.717054289240323 0.8811369316485692 0.6873385141292055 0.8785529523204036
0 0.23514220872355973 0.6860464538604361 0.24034096200779229 0.7174792495288043 0.2583979584909691 0.7364341406201713 0.28423768758654383 0.7080104065219995 0.26098195065635027 0.6563307557726132
0 0.17571061998967705 0.8372093215814053 0.2054263565891473 0.8410852713178295 0.20801034233592056 0.8062015311317733 0.17700260323515185 0.8036175710594315
