0 0.6584144144144145 0.9265765765765768 0.688936936936937 0.8775225225225227 0.7336306306306306 0.8655315315315316 0.7903153153153154 0.8720720720720722 0.8033963963963964 0.9265765765765768 0.7794144144144145 0.9989099099099099 0.675855855855856 1.0
0 0.7325405405405406 0.8633513513513514 0.6998378378378379 0.8251981981981983 0.7488918918918921 0.7576126126126127 0.807756756756757 0.7739639639639642 0.8121171171171173 0.835009009009009 0.7924954954954957 0.8709819819819821
0 0.8142972972972974 0.8807927927927931 0.8284684684684686 0.8491801801801803 0.8655315315315316 0.8404594594594595 0.8818828828828831 0.8873333333333335 0.8600810810810812 0.9080450450450452 0.8230180180180181 0.9102252252252253
0 0.7096486486486487 0.6496936936936938 0.6922072072072073 0.6169909909909911 0.7140090090090091 0.5733873873873875 0.7772342342342342 0.5624864864864866 0.8262882882882885 0.6322522522522523 0.8197477477477478 0.6627747747747749 0.7990360360360361 0.675855855855856
0 0.8306486486486487 0.6932972972972974 0.8622612612612613 0.6377027027027028 0.8993243243243245 0.627891891891892 0.9091351351351353 0.6584144144144145 0.8797027027027029 0.6998378378378379 0.8513603603603604 0.7085585585585586
0 0.8284684684684686 0.5592162162162163 0.8513603603603604 0.5210630630630632 0.8938738738738741 0.5276036036036037 0.9069549549549553 0.5701171171171172 0.9080450450450452 0.60390990990991 0.8938738738738741 0.6180810810810812 0.8709819819819821 0.6191711711711713 0.8426396396396397 0.5962792792792794
0 0.7990360360360361 0.46873873873873884 0.84590990990991 0.49926126126126136 0.8731621621621621 0.458927927927928 0.8698918918918921 0.4207747747747748 0.8121171171171171 0.4087837837837839 0.7968558558558559 0.42840540540540545
0 0.7074684684684684 0.5297837837837839 0.7576126126126127 0.5450450450450451 0.8175675675675678 0.5483153153153154 0.8055765765765767 0.5047117117117118 0.7706936936936938 0.48945045045045055 0.7292702702702704 0.4959909909909911
0 0.6987477477477477 0.4338558558558559 0.7794144144144145 0.44039639639639655 0.7750540540540541 0.39461261261261266 0.7423513513513513 0.3662702702702703 0.7107387387387388 0.38589189189189194
0 0.34228828828828833 0.2572612612612613 0.4022432432432433 0.30631531531531536 0.4327657657657658 0.2583513513513514 0.3978828828828829 0.2256486486486487 0.3602589396485387 0.2304134381330779
0 0.5688288288288288 0.45684684684684684 0.6094594594594595 0.5014414414414414 0.6451351351351352 0.48756756756756753 0.6391891891891892 0.4429729729729729 0.5886486486486486 0.440990990990991
0 0.553963963963964 0.16054054054054054 0.552972972972973 0.23288288288288286 0.6114414414414414 0.25765765765765763 0.6272972972972973 0.24774774774774774 0.6263063063063062 0.22792792792792793 0.5995495495495495 0.19126126126126125
0 0.1318018018018018 0.2844144144144144 0.11297297297297297 0.34486486486486484 0.13972972972972972 0.3835135135135135 0.16747747747747746 0.38648648648648654 0.19225225225225226 0.3597297297297298 0.20117117117117117 0.32009009009009004 0.17936936936936937 0.2883783783783784 0.14666666666666667 0.2854054054054054
0 0.0772972972972973 0.38054054054054054 0.0663963963963964 0.41027027027027024 0.07927927927927927 0.440990990990991 0.11594594594594594 0.44693693693693687 0.1318018018018018 0.4181981981981982 0.12189189189189188 0.38549549549549555
0 0.0 0.39144144144144144 0.024019772307804763 0.40153668475778004 0.04063063063063063 0.4191891891891892 0.034684684684684684 0.4479279279279279 0.022835190419460086 0.4717566788915103 0.0 0.4806306306306306
0 0.2556756756756757 0.1327927927927928 0.29036036036036034 0.14864864864864866 0.33 0.15162162162162163 0.3537837837837838 0.10405405405405405 0.32603603603603604 0.06144144144144144 0.28243243243243243 0.06144144144144144 0.25666666666666665 0.08126126126126126 0.24675675675675676 0.10405405405405405
0 0.3081981981981982 0.001981981981981982 0.29333333333333333 0.022792792792792792 0.3096465696465696 0.03994455994455994 0.329009009009009 0.04657657657657657 0.36666666666666664 0.04756756756756757 0.36963963963963964 0.023783783783783784 0.3617117117117117 0.002972972972972973
0 0.17738738738738738 0.05549549549549549 0.21504504504504504 0.0654054054054054 0.2536936936936937 0.053513513513513515 0.2616216216216216 0.037657657657657655 0.23882882882882883 0.017837837837837836 0.1872972972972973 0.015855855855855857
0 0.09018018018018018 0.12486486486486487 0.0990990990990991 0.10009009009009008 0.13774774774774776 0.09513513513513513 0.15063063063063062 0.11 0.14567567567567566 0.16054054054054054 0.12981981981981983 0.17144144144144144 0.10801801801801801 0.15558558558558558
0 0.022792792792792792 0.19225225225225226 0.024774774774774775 0.17045045045045046 0.04063063063063063 0.13873873873873874 0.07036036036036036 0.14666666666666667 0.08918918918918918 0.17243243243243242 0.07234234234234234 0.1981981981981982 0.042612612612612615 0.21207207207207207
0 0.19027027027027027 0.24378378378378376 0.18234234234234234 0.21306306306306305 0.20117117117117117 0.18333333333333332 0.2408108108108108 0.19423423423423422 0.2398198198198198 0.21405405405405406 0.24873873873873872 0.24279279279279278 0.2289189189189189 0.25666666666666665
0 0.27846846846846846 0.24972972972972973 0.2586486486486486 0.22198198198198196 0.2665765765765766 0.18234234234234234 0.29333333333333333 0.17936936936936937 0.3101801801801802 0.2081081081081081 0.31711711711711715 0.23585585585585586 0.2992792792792793 0.2517117117117117
0 0.20117117117117117 0.5410810810810811 0.20117117117117117 0.5143243243243243 0.23684684684684684 0.4935135135135135 0.27153153153153153 0.5232432432432432 0.2556756756756757 0.5579279279279279 0.22693693693693692 0.5668468468468468
0 0.20117117117117117 0.8324324324324324 0.2299099099099099 0.8472972972972973 0.2546846846846847 0.8284684684684684 0.2517117117117117 0.7977477477477477 0.218018018018018 0.7888288288288288 0.20117117117117117 0.8046846846846847
0 0.219009009009009 0.9057657657657657 0.23882882882882883 0.9275675675675675 0.2804504504504504 0.9057657657657657 0.28936936936936936 0.8581981981981983 0.24279279279279278 0.8472972972972973 0.21405405405405406 0.8681081081081081
0 0.2804504504504504 0.9156756756756756 0.2695495495495495 0.9354954954954955 0.27945945945945944 0.9612612612612612 0.3181081081081081 0.9810810810810809 0.34783783783783784 0.9434234234234234 0.33297297297297296 0.8938738738738737 0.2943243243243243 0.8938738738738737
0 0.27846846846846846 0.547027027027027 0.3161261261261261 0.539099099099099 0.327027027027027 0.5172972972972972 0.3091891891891892 0.49747747747747745 0.28144144144144145 0.5004504504504504
0 0.29036036036036034 0.5945945945945946 0.3022522522522522 0.5648648648648649 0.34684684684684686 0.5628828828828829 0.3527927927927928 0.5975675675675676 0.337927927927928 0.6163963963963964 0.3081981981981982 0.6223423423423423
0 0.0 0.8502702702702704 0.04459459459459459 0.8542342342342342 0.048558558558558555 0.8225225225225224 0.017837837837837836 0.7997297297297297 0.0 0.8185585585585585
0 0.0 0.88 0.0327027027027027 0.8690990990990991 0.0654054054054054 0.8879279279279279 0.05252252252252252 0.9394594594594594 0.031711711711711714 0.9454054054054055 0.0 0.9265765765765765
0 0.04459459459459459 1.0 0.0436036036036036 0.9612612612612612 0.08522522522522523 0.9394594594594594 0.12783783783783784 0.9632432432432432 0.12486486486486487 1.0
0 0.5044144144144144 0.9563063063063063 0.4954954954954955 0.8899099099099099 0.5133333333333333 0.8730630630630629 0.5975675675675676 0.9394594594594594 0.6144144144144144 0.992972972972973 0.5658558558558558 0.993963963963964
0 0.4826126126126126 0.8136036036036036 0.4845945945945946 0.783873873873874 0.5044144144144144 0.7739639639639639 0.5341441441441441 0.7898198198198197 0.5281981981981981 0.8254954954954955 0.5083783783783784 0.8324324324324324
0 0.6253153153153153 0.2695495495495495 0.6421621621621622 0.29333333333333333 0.6798198198198198 0.3101801801801802 0.6917117117117116 0.2735135135135135 0.6808108108108109 0.2418018018018018 0.6332432432432433 0.23288288288288286
0 0.6035135135135135 0.9087387387387387 0.6045045045045044 0.8621621621621621 0.6223423423423423 0.8334234234234235 0.66 0.8344144144144144 0.6738738738738739 0.8958558558558558 0.6530630630630632 0.9275675675675675 0.6292792792792793 0.9315315315315315
0 0.6263063063063062 0.8304504504504504 0.6144144144144144 0.8007207207207206 0.6401801801801803 0.757117117117117 0.6877477477477477 0.7531531531531531 0.7065765765765765 0.7848648648648648 0.6788288288288288 0.8215315315315315 0.6540540540540541 0.8314414414414414
0 0.5638738738738739 0.5787387387387387 0.5916216216216216 0.5232432432432432 0.6748648648648649 0.5410810810810811 0.6154054054054053 0.6124324324324324 0.5916216216216216 0.6144144144144144
0 0.5400900900900901 0.7481981981981982 0.545045045045045 0.7115315315315314 0.5757657657657658 0.7194594594594593 0.5846846846846847 0.7610810810810811 0.5648648648648649 0.772972972972973
0 0.4836036036036036 0.3627027027027027 0.4826126126126126 0.330990990990991 0.5232432432432432 0.34387387387387386 0.5262162162162162 0.3736036036036036 0.5083783783783784 0.3825225225225225
0 0.0911139671218078 0.542828072815005 0.09612612612612612 0.5119929439955576 0.12923543122497697 0.5182310842389248 0.11792792792792793 0.5517469917339239
0 0.3091891891891892 0.658018018018018 0.32009009009009015 0.6342342342342342 0.35873873873873874 0.6362162162162162 0.3567567567567567 0.6778378378378378 0.327027027027027 0.6827927927927928
0 0.1972072072072072 0.6936936936936937 0.2507207207207207 0.7036036036036036 0.2626126126126126 0.6659459459459459 0.2289189189189189 0.6401801801801803 0.20513513513513512 0.6530630630630632
0 0.20612612612612613 0.7006306306306304 0.20513513513513512 0.7313513513513513 0.22297297297297297 0.7452252252252252 0.24477477477477477 0.7333333333333333 0.23783783783783782 0.7026126126126124
0 0.8066666666666665 0.3944144144144144 0.8413513513513513 0.3785585585585585 0.8433333333333333 0.34486486486486484 0.8096396396396396 0.3409009009009009 0.7888288288288288 0.35774774774774776 0.7898198198198197 0.3785585585585585
0 0.2586486486486486 0.28243243243243243 0.2943243243243243 0.32306306306306304 0.3101801801801802 0.3131531531531531 0.3171171171171171 0.27846846846846846 0.29234234234234235 0.2636036036036036 0.2655855855855856 0.26855855855855854
0 0.19324324324324324 0.47270270270270265 0.20117117117117117 0.45189189189189194 0.23684684684684684 0.4598198198198198 0.24279279279279278 0.4836036036036036 0.22594594594594594 0.4964864864864865 0.2060350620891162 0.4962400779157534
0 0.5827027027027026 0.05747747747747747 0.6005405405405405 0.09117117117117117 0.6362162162162162 0.08522522522522523 0.6213513513513513 0.048558558558558555 0.5817117117117117 0.04756756756756757
0 0.6629729729729729 0.20018018018018016 0.6956756756756757 0.17342342342342343 0.7313513513513513 0.20612612612612613 0.7145045045045044 0.23288288288288286 0.6808108108108109 0.23288288288288286
0 0.10405405405405405 0.8502702702702704 0.12783783783783784 0.878018018018018 0.15756756756756757 0.8621621621621621 0.16054054054054054 0.8185585585585585 0.13774774774774776 0.7779279279279279 0.1209009009009009 0.8066666666666665 0.10405405405405405 0.8165765765765766
0 0.17045045045045046 0.767027027027027 0.19027027027027027 0.7382882882882883 0.219009009009009 0.755135135135135 0.21207207207207207 0.7809009009009009 0.18828828828828828 0.7868468468468468
0 0.12189189189189188 0.9404504504504504 0.13774774774774776 0.8998198198198198 0.18333333333333332 0.9117117117117117 0.18135135135135136 0.9513513513513513 0.14567567567567566 0.9652252252252252
0 0.04657657657657657 0.21603603603603602 0.04657657657657657 0.24279279279279278 0.07333333333333333 0.27153153153153153 0.10801801801801801 0.26756756756756755 0.1417117117117117 0.22594594594594594 0.12486486486486487 0.19027027027027027 0.09711711711711711 0.20018018018018016 0.07828828828828828 0.1962162162162162
0 0.012882882882882883 0.32306306306306304 0.025765765765765766 0.2913513513513513 0.0654054054054054 0.2854054054054054 0.07432432432432433 0.31513513513513514 0.08126126126126126 0.3518018018018018 0.034684684684684684 0.3428828828828829
0 0.004954954954954955 0.2943243243243243 0.004954954954954955 0.25963963963963965 0.031711711711711714 0.2626126126126126 0.034684684684684684 0.28144144144144145 0.016846846846846845 0.2972972972972973
0 0.1536036036036036 0.5212612612612613 0.1654954954954955 0.48954954954954955 0.19522522522522523 0.49450450450450456 0.19918918918918918 0.5083783783783784 0.19126126126126125 0.5351351351351351 0.16747747747747746 0.5351351351351351
0 0.15162162162162163 0.17738738738738738 0.15558558558558558 0.15063063063063062 0.17144144144144144 0.13972972972972972 0.19126126126126125 0.14666666666666667 0.1972072072072072 0.17045045045045046 0.17837837837837836 0.18036036036036035
0 0.12882882882882882 0.2863963963963964 0.1199099099099099 0.25963963963963965 0.13576576576576577 0.2408108108108108 0.1645045045045045 0.24774774774774774 0.17342342342342343 0.2695495495495495 0.1654954954954955 0.2854054054054054
0 0.000990990990990991 0.08918918918918918 0.018828828828828827 0.05549549549549549 0.06045045045045045 0.0545045045045045 0.07135135135135134 0.0990990990990991 0.0545045045045045 0.12981981981981983 0.03072072072072072 0.1327927927927928
0 0.5579279279279279 0.6718918918918919 0.5688288288288288 0.6322522522522522 0.6015315315315315 0.6213513513513513 0.6362162162162162 0.6659459459459459 0.6362162162162162 0.6986486486486485 0.5688288288288288 0.6966666666666668
0 0.45090090090090096 0.8185585585585585 0.47864864864864864 0.8116216216216217 0.4806306306306306 0.7888288288288288 0.4687387387387388 0.7709909909909911 0.44198198198198196 0.775945945945946 0.44495495495495496 0.8007207207207204
0 0.564599451111095 0.1136950776020607 0.6343669443204232 0.1240310270077617 0.6175710273384851 0.1757106071524613 0.5620155102945767 0.15891474793799426
0 0.7237282581785094 0.15955686755878457 0.7467700258397933 0.13597612821156183 0.7716427548510988 0.15966774666031422 0.7466668586491183 0.18701357589825535
0 0.7369147494846244 0.2689799006103424 0.7820956373834371 0.27048592908467656 0.7851949430253888 0.3167131017471037 0.7316436311195718 0.3149137653365561
0 0.20239780446851363 0.07640181268882175 0.2412688888342511 0.07640181268882175 0.2399285061554999 0.12331520644511582 0.2023977911504646 0.12197483042538906
0 0.02144612286002014 0.3686052366565961 0.04691339375629406 0.3739667673716012 0.05495570314685065 0.3391167378157743 0.029488445568625777 0.33643600575339433
0 0.058976851183104424 0.5039838872104734 0.0924864181518859 0.5013031218529708 0.08444412207937836 0.5455357502517624 0.056296085825601916 0.5415146022155086
0 0.14476135594123402 0.5964702920443102 0.18095168826751803 0.5991510574018127 0.17424977487376175 0.6340010070493455 0.14208059058373151 0.6299798590130916
0 0.05763652177654932 0.7278279543785223 0.1128841111729273 0.7081555073997436 0.18899400431709912 0.710402892987437 0.17290935889988787 0.8109315139854872 0.07238075121988673 0.8002083926242564 0.03556817501020935 0.7845945127887448 0.004043842778462793 0.74067222730412
0 0.22785882743371452 0.9175742889476038 0.22842728335955712 0.9556606552381646 0.25400766729088053 0.9630505427370482 0.25400765034642203 0.9164373601514602
0 0.09256699768560259 0.8908570355257417 0.1124628477751882 0.887446316915145 0.12781107022656818 0.9124582223280144 0.11530510198771311 0.9289433481588506 0.09370389541690556 0.9124582138557852
0 0.11303130087695433 0.8846040288137031 0.13547293012006176 0.8702101854395943 0.1602128913790853 0.8743718786300654 0.15850754619416907 0.8936992502011968 0.14970785259937727 0.9149622909039491 0.12724263124518426 0.9181427251049114
0 0.46418934801957923 0.49244073415790085 0.4752669008252237 0.44611642424448683 0.5125277216026632 0.4652503718134746 0.5014501838060897 0.5176169277691596
0 0.5193190171969885 0.7512863892567594 0.5480702456958078 0.7490165334683329 0.559419408113723 0.7739847178514354 0.5405041085993804 0.7966830802757237 0.5155359655635805 0.7754979550437201
0 0.5427739305581951 0.8065190055013545 0.5783346512453795 0.8451061705023417 0.6123821836052743 0.8307305336998578 0.6070858759853531 0.7868470949085611 0.5609325024698691 0.7747413402064237
0 0.7885196374622356 0.2435729021275408 0.8269706124691019 0.22617841343395845 0.841618602947908 0.27195338368022776 0.8132381213952212 0.29941836582798936 0.7912661356770117 0.2746998818950039
0 0.872889338820277 0.4897125520678717 0.8910480047030948 0.5184637730489996 0.9107198927428137 0.5040881625584357 0.9107198927428137 0.4647443864789975 0.8827252828401364 0.4685274418712513
0 0.6500855991943605 0.5884279959718025 0.6768932527693856 0.5710030211480361 0.6969989929506545 0.5870876132930513 0.688956696878147 0.6313202416918429 0.6608086606243705 0.621937562940584
0 0.7587213125705178 0.6778688558556883 0.7929609903147271 0.6808900038919422 0.7969891876963986 0.7030450894911365 0.7788622994788761 0.7221790270540772 0.7506649178071741 0.7060662375273904
