0 0.777927927927928 0.0772972972972973 0.7967567567567567 0.08720720720720722 0.8245045045045045 0.07234234234234235 0.8324324324324324 0.05252252252252252 0.7918018018018018 0.03864864864864865 0.7719819819819821 0.0554954954954955
0 0.7075675675675677 0.10504504504504504 0.7154954954954955 0.07927927927927929 0.7462162162162163 0.08324324324324324 0.7719819819819821 0.09018018018018019 0.758108108108108 0.11990990990990992 0.7234234234234235 0.1218918918918919
0 0.4816216216216216 0.3954054054054054 0.4776576576576577 0.3508108108108108 0.5024324324324325 0.31711711711711715 0.6154054054054054 0.34288288288288293 0.6163963963963964 0.3666666666666667 0.5876576576576577 0.4102702702702703
0 0.29234234234234235 0.5133333333333334 0.3914414414414415 0.4826126126126127 0.4528828828828829 0.41918918918918924 0.33693693693693694 0.4360360360360361 0.29234234234234235 0.4598198198198198
0 0.02774774774774775 0.02972972972972973 0.04954954954954956 0.011891891891891892 0.08225225225225224 0.039639639639639644 0.06243243243243244 0.05747747747747747
0 0.05747747747747747 0.0 0.0619315705597294 0.01815982047028979 0.07531531531531532 0.02774774774774775 0.10405405405405405 0.023783783783783784 0.1218918918918919 0.0
0 0.7244144144144145 0.887927927927928 0.7283783783783785 0.9196396396396396 0.7432432432432434 0.9255855855855857 0.774954954954955 0.9136936936936938 0.7789189189189191 0.8740540540540542 0.7481981981981982 0.8671171171171171
0 0.7521621621621623 0.9781081081081082 0.7561261261261262 0.9473873873873875 0.8017117117117116 0.9354954954954955 0.8235135135135135 0.9572972972972974 0.8096396396396398 0.987027027027027 0.7789189189189191 0.9890090090090091
0 0.6709009009009008 0.9820720720720721 0.6907207207207208 0.9592792792792794 0.7125225225225226 0.9652252252252254 0.7204504504504505 0.9850450450450451 0.7194594594594595 1.0 0.6768468468468469 1.0
0 0.9473873873873875 0.39639639639639646 0.9523423423423424 0.438018018018018 0.9820720720720721 0.43306306306306314 0.9840540540540542 0.39837837837837836
0 0.9394594594594594 0.49054054054054064 0.9463963963963965 0.4588288288288289 0.9840540540540542 0.46180180180180186 0.9900000000000001 0.48558558558558557
0 0.7947747747747749 0.4964864864864865 0.7967567567567567 0.5232432432432433 0.8373873873873875 0.5490090090090091 0.8829729729729731 0.5063963963963964 0.8730630630630631 0.4578378378378379 0.8334234234234235 0.4538738738738739 0.7977477477477478 0.4865765765765766
0 0.66990990990991 0.49153153153153156 0.6837837837837839 0.5153153153153154 0.7283783783783785 0.5073873873873874 0.7551351351351352 0.48360360360360366 0.7283783783783785 0.4538738738738739 0.6907207207207208 0.45189189189189194
0 0.666936936936937 0.3567567567567568 0.7135135135135136 0.3518018018018018 0.7204504504504505 0.30522522522522527 0.666936936936937 0.30720720720720723 0.658130730435014 0.3378854777968515
0 0.8046846846846847 0.36864864864864866 0.8175675675675678 0.3230630630630631 0.8631531531531532 0.32504504504504506 0.8542342342342343 0.3736036036036036
0 0.77 0.4647747747747748 0.7719819819819821 0.43306306306306314 0.8027027027027027 0.4172072072072072 0.8205405405405406 0.4281081081081081 0.8195495495495496 0.4578378378378379 0.8007207207207208 0.4746846846846847
0 0.8344144144144146 0.44495495495495496 0.8443243243243244 0.41324324324324324 0.8819819819819821 0.3904504504504505 0.9364864864864866 0.3617117117117117 0.9503603603603605 0.442972972972973 0.8998198198198201 0.4865765765765766 0.8839639639639641 0.48855855855855856
0 0.8631531531531532 0.3627027027027027 0.8661261261261263 0.32504504504504506 0.904774774774775 0.3190990990990991 0.9206306306306307 0.3438738738738739 0.9196396396396398 0.36765765765765773 0.887927927927928 0.37954954954954956
0 0.9642342342342343 0.3785585585585586 0.9652252252252254 0.34684684684684686 1.0 0.33 0.9979279279279281 0.3954054054054054
0 0.8601801801801802 0.9622522522522522 0.8889189189189188 0.9800900900900902 0.9107207207207207 0.9503603603603604 0.8998198198198198 0.9295495495495496 0.8631531531531532 0.9404504504504504
0 0.8780180180180178 1.0 0.9027927927927929 0.9741441441441442 0.9374774774774776 0.9731531531531532 0.9473873873873875 0.9860360360360361 0.9444144144144145 1.0
0 0.5916216216216217 0.5390990990990991 0.5926126126126127 0.5083783783783784 0.6193693693693694 0.4935135135135135 0.6560360360360362 0.5192792792792793 0.6490990990990991 0.551981981981982 0.6114414414414415 0.557927927927928
0 0.5262162162162163 0.48954954954954955 0.5351351351351352 0.4499099099099099 0.5916216216216217 0.44000000000000006 0.6312612612612614 0.46774774774774774 0.5945945945945946 0.4994594594594595 0.5490090090090091 0.5093693693693694
0 0.4251351351351352 0.5410810810810811 0.4657657657657658 0.5410810810810811 0.4865765765765766 0.4974774774774775 0.4568468468468469 0.48360360360360366 0.43009009009009014 0.5004504504504504
0 0.8796663863471507 0.5953353705794169 0.8933042170970702 0.5455974150820474 0.9414376529931288 0.5600374458508649 0.9414376529931288 0.5945330749097069 0.9109531435922917 0.6153908971313322
0 0.742486117956087 0.5439929672188454 0.7858062102625396 0.5496085347400522 0.7954329133835535 0.5086950982866004 0.7633439521340638 0.4862328521144763 0.7466356156985811 0.5167603783522785
0 0.5975882084364991 0.5474931795095637 0.5870460053751837 0.5776137564781991 0.6299678206346824 0.5866499198422506 0.6487931765638586 0.5595414073042366 0.6250324987392686 0.548325172332319
0 0.7718366973613126 0.5672548304100066 0.7929210885200368 0.6003874306585206 0.8313247996516502 0.5619837232678839 0.8147585013978813 0.5461704355103058
0 0.8456321000856373 0.5988814246300462 0.8591863376497609 0.6094236202094083 0.8742466223931019 0.5913512785173991 0.8591863451317142 0.5793030694276093 0.8448790671435868 0.5823151076713944
0 0.8486441495523519 0.6297550083538955 0.8509031810409233 0.6523454317279304 0.8727405939187679 0.6546044744394315 0.8990960847376612 0.6124356547122167 0.8855418471735375 0.598881405925163
